(kicad_pcb (version 20171130) (host pcbnew "(5.1.4)-1")

  (general
    (thickness 1.6)
    (drawings 45)
    (tracks 316)
    (zones 0)
    (modules 24)
    (nets 40)
  )

  (page A4)
  (layers
    (0 F.Cu signal hide)
    (31 B.Cu signal hide)
    (32 B.Adhes user)
    (33 F.Adhes user)
    (34 B.Paste user)
    (35 F.Paste user)
    (36 B.SilkS user)
    (37 F.SilkS user)
    (38 B.Mask user)
    (39 F.Mask user)
    (40 Dwgs.User user)
    (41 Cmts.User user)
    (42 Eco1.User user)
    (43 Eco2.User user)
    (44 Edge.Cuts user)
    (45 Margin user)
    (46 B.CrtYd user)
    (47 F.CrtYd user)
    (48 B.Fab user)
    (49 F.Fab user)
  )

  (setup
    (last_trace_width 0.25)
    (trace_clearance 0.2)
    (zone_clearance 0.508)
    (zone_45_only no)
    (trace_min 0.2)
    (via_size 0.8)
    (via_drill 0.4)
    (via_min_size 0.4)
    (via_min_drill 0.3)
    (uvia_size 0.3)
    (uvia_drill 0.1)
    (uvias_allowed no)
    (uvia_min_size 0.2)
    (uvia_min_drill 0.1)
    (edge_width 0.05)
    (segment_width 0.2)
    (pcb_text_width 0.3)
    (pcb_text_size 1.5 1.5)
    (mod_edge_width 0.12)
    (mod_text_size 1 1)
    (mod_text_width 0.15)
    (pad_size 1.524 1.524)
    (pad_drill 0.762)
    (pad_to_mask_clearance 0.051)
    (solder_mask_min_width 0.25)
    (aux_axis_origin 0 0)
    (visible_elements 7FFFEFFF)
    (pcbplotparams
      (layerselection 0x010fc_ffffffff)
      (usegerberextensions false)
      (usegerberattributes false)
      (usegerberadvancedattributes false)
      (creategerberjobfile false)
      (excludeedgelayer true)
      (linewidth 0.100000)
      (plotframeref false)
      (viasonmask false)
      (mode 1)
      (useauxorigin false)
      (hpglpennumber 1)
      (hpglpenspeed 20)
      (hpglpendiameter 15.000000)
      (psnegative false)
      (psa4output false)
      (plotreference true)
      (plotvalue true)
      (plotinvisibletext false)
      (padsonsilk false)
      (subtractmaskfromsilk false)
      (outputformat 1)
      (mirror false)
      (drillshape 1)
      (scaleselection 1)
      (outputdirectory ""))
  )

  (net 0 "")
  (net 1 GND)
  (net 2 +3V3)
  (net 3 +5V)
  (net 4 /RST)
  (net 5 /XL)
  (net 6 /YU)
  (net 7 /XR)
  (net 8 /YD)
  (net 9 /LCD_ID)
  (net 10 /TE)
  (net 11 "Net-(J1-Pad12)")
  (net 12 /~CS~)
  (net 13 /RS)
  (net 14 /WR)
  (net 15 /RD)
  (net 16 /DB0)
  (net 17 /DB1)
  (net 18 /DB2)
  (net 19 /DB3)
  (net 20 /DB4)
  (net 21 /DB5)
  (net 22 /DB6)
  (net 23 /DB7)
  (net 24 /DB8)
  (net 25 /DB9)
  (net 26 /DB10)
  (net 27 /DB11)
  (net 28 /DB12)
  (net 29 /DB13)
  (net 30 /DB14)
  (net 31 /DB15)
  (net 32 /DB16)
  (net 33 /DB17)
  (net 34 "Net-(J1-Pad36)")
  (net 35 /LEDK)
  (net 36 "Net-(J2-Pad24)")
  (net 37 "Net-(J2-Pad29)")
  (net 38 /BL)
  (net 39 "Net-(Q1-Pad2)")

  (net_class Default 这是默认网络类。
    (clearance 0.2)
    (trace_width 0.25)
    (via_dia 0.8)
    (via_drill 0.4)
    (uvia_dia 0.3)
    (uvia_drill 0.1)
    (add_net +3V3)
    (add_net +5V)
    (add_net /BL)
    (add_net /DB0)
    (add_net /DB1)
    (add_net /DB10)
    (add_net /DB11)
    (add_net /DB12)
    (add_net /DB13)
    (add_net /DB14)
    (add_net /DB15)
    (add_net /DB16)
    (add_net /DB17)
    (add_net /DB2)
    (add_net /DB3)
    (add_net /DB4)
    (add_net /DB5)
    (add_net /DB6)
    (add_net /DB7)
    (add_net /DB8)
    (add_net /DB9)
    (add_net /LCD_ID)
    (add_net /LEDK)
    (add_net /RD)
    (add_net /RS)
    (add_net /RST)
    (add_net /TE)
    (add_net /WR)
    (add_net /XL)
    (add_net /XR)
    (add_net /YD)
    (add_net /YU)
    (add_net /~CS~)
    (add_net GND)
    (add_net "Net-(J1-Pad12)")
    (add_net "Net-(J1-Pad36)")
    (add_net "Net-(J2-Pad24)")
    (add_net "Net-(J2-Pad29)")
    (add_net "Net-(Q1-Pad2)")
  )

  (module Connector_PinHeader_2.54mm:PinHeader_2x16_P2.54mm_Vertical (layer B.Cu) (tedit 59FED5CC) (tstamp 5DDB58A6)
    (at 106 114.6 270)
    (descr "Through hole straight pin header, 2x16, 2.54mm pitch, double rows")
    (tags "Through hole pin header THT 2x16 2.54mm double row")
    (path /5DD9A06E)
    (fp_text reference J2 (at 1.27 2.33 270) (layer B.SilkS)
      (effects (font (size 1 1) (thickness 0.15)) (justify mirror))
    )
    (fp_text value LCD_I8080_CONNECTOR_16x2 (at 1.27 -40.43 270) (layer B.Fab)
      (effects (font (size 1 1) (thickness 0.15)) (justify mirror))
    )
    (fp_text user %R (at 1.27 -19.05) (layer B.Fab)
      (effects (font (size 1 1) (thickness 0.15)) (justify mirror))
    )
    (fp_line (start 4.35 1.8) (end -1.8 1.8) (layer B.CrtYd) (width 0.05))
    (fp_line (start 4.35 -39.9) (end 4.35 1.8) (layer B.CrtYd) (width 0.05))
    (fp_line (start -1.8 -39.9) (end 4.35 -39.9) (layer B.CrtYd) (width 0.05))
    (fp_line (start -1.8 1.8) (end -1.8 -39.9) (layer B.CrtYd) (width 0.05))
    (fp_line (start -1.33 1.33) (end 0 1.33) (layer B.SilkS) (width 0.12))
    (fp_line (start -1.33 0) (end -1.33 1.33) (layer B.SilkS) (width 0.12))
    (fp_line (start 1.27 1.33) (end 3.87 1.33) (layer B.SilkS) (width 0.12))
    (fp_line (start 1.27 -1.27) (end 1.27 1.33) (layer B.SilkS) (width 0.12))
    (fp_line (start -1.33 -1.27) (end 1.27 -1.27) (layer B.SilkS) (width 0.12))
    (fp_line (start 3.87 1.33) (end 3.87 -39.43) (layer B.SilkS) (width 0.12))
    (fp_line (start -1.33 -1.27) (end -1.33 -39.43) (layer B.SilkS) (width 0.12))
    (fp_line (start -1.33 -39.43) (end 3.87 -39.43) (layer B.SilkS) (width 0.12))
    (fp_line (start -1.27 0) (end 0 1.27) (layer B.Fab) (width 0.1))
    (fp_line (start -1.27 -39.37) (end -1.27 0) (layer B.Fab) (width 0.1))
    (fp_line (start 3.81 -39.37) (end -1.27 -39.37) (layer B.Fab) (width 0.1))
    (fp_line (start 3.81 1.27) (end 3.81 -39.37) (layer B.Fab) (width 0.1))
    (fp_line (start 0 1.27) (end 3.81 1.27) (layer B.Fab) (width 0.1))
    (pad 32 thru_hole oval (at 2.54 -38.1 270) (size 1.7 1.7) (drill 1) (layers *.Cu *.Mask)
      (net 1 GND))
    (pad 31 thru_hole oval (at 0 -38.1 270) (size 1.7 1.7) (drill 1) (layers *.Cu *.Mask)
      (net 3 +5V))
    (pad 30 thru_hole oval (at 2.54 -35.56 270) (size 1.7 1.7) (drill 1) (layers *.Cu *.Mask)
      (net 38 /BL))
    (pad 29 thru_hole oval (at 0 -35.56 270) (size 1.7 1.7) (drill 1) (layers *.Cu *.Mask)
      (net 37 "Net-(J2-Pad29)"))
    (pad 28 thru_hole oval (at 2.54 -33.02 270) (size 1.7 1.7) (drill 1) (layers *.Cu *.Mask)
      (net 8 /YD))
    (pad 27 thru_hole oval (at 0 -33.02 270) (size 1.7 1.7) (drill 1) (layers *.Cu *.Mask)
      (net 7 /XR))
    (pad 26 thru_hole oval (at 2.54 -30.48 270) (size 1.7 1.7) (drill 1) (layers *.Cu *.Mask)
      (net 6 /YU))
    (pad 25 thru_hole oval (at 0 -30.48 270) (size 1.7 1.7) (drill 1) (layers *.Cu *.Mask)
      (net 5 /XL))
    (pad 24 thru_hole oval (at 2.54 -27.94 270) (size 1.7 1.7) (drill 1) (layers *.Cu *.Mask)
      (net 36 "Net-(J2-Pad24)"))
    (pad 23 thru_hole oval (at 0 -27.94 270) (size 1.7 1.7) (drill 1) (layers *.Cu *.Mask)
      (net 33 /DB17))
    (pad 22 thru_hole oval (at 2.54 -25.4 270) (size 1.7 1.7) (drill 1) (layers *.Cu *.Mask)
      (net 32 /DB16))
    (pad 21 thru_hole oval (at 0 -25.4 270) (size 1.7 1.7) (drill 1) (layers *.Cu *.Mask)
      (net 31 /DB15))
    (pad 20 thru_hole oval (at 2.54 -22.86 270) (size 1.7 1.7) (drill 1) (layers *.Cu *.Mask)
      (net 30 /DB14))
    (pad 19 thru_hole oval (at 0 -22.86 270) (size 1.7 1.7) (drill 1) (layers *.Cu *.Mask)
      (net 29 /DB13))
    (pad 18 thru_hole oval (at 2.54 -20.32 270) (size 1.7 1.7) (drill 1) (layers *.Cu *.Mask)
      (net 28 /DB12))
    (pad 17 thru_hole oval (at 0 -20.32 270) (size 1.7 1.7) (drill 1) (layers *.Cu *.Mask)
      (net 27 /DB11))
    (pad 16 thru_hole oval (at 2.54 -17.78 270) (size 1.7 1.7) (drill 1) (layers *.Cu *.Mask)
      (net 26 /DB10))
    (pad 15 thru_hole oval (at 0 -17.78 270) (size 1.7 1.7) (drill 1) (layers *.Cu *.Mask)
      (net 25 /DB9))
    (pad 14 thru_hole oval (at 2.54 -15.24 270) (size 1.7 1.7) (drill 1) (layers *.Cu *.Mask)
      (net 24 /DB8))
    (pad 13 thru_hole oval (at 0 -15.24 270) (size 1.7 1.7) (drill 1) (layers *.Cu *.Mask)
      (net 23 /DB7))
    (pad 12 thru_hole oval (at 2.54 -12.7 270) (size 1.7 1.7) (drill 1) (layers *.Cu *.Mask)
      (net 22 /DB6))
    (pad 11 thru_hole oval (at 0 -12.7 270) (size 1.7 1.7) (drill 1) (layers *.Cu *.Mask)
      (net 21 /DB5))
    (pad 10 thru_hole oval (at 2.54 -10.16 270) (size 1.7 1.7) (drill 1) (layers *.Cu *.Mask)
      (net 20 /DB4))
    (pad 9 thru_hole oval (at 0 -10.16 270) (size 1.7 1.7) (drill 1) (layers *.Cu *.Mask)
      (net 19 /DB3))
    (pad 8 thru_hole oval (at 2.54 -7.62 270) (size 1.7 1.7) (drill 1) (layers *.Cu *.Mask)
      (net 18 /DB2))
    (pad 7 thru_hole oval (at 0 -7.62 270) (size 1.7 1.7) (drill 1) (layers *.Cu *.Mask)
      (net 17 /DB1))
    (pad 6 thru_hole oval (at 2.54 -5.08 270) (size 1.7 1.7) (drill 1) (layers *.Cu *.Mask)
      (net 16 /DB0))
    (pad 5 thru_hole oval (at 0 -5.08 270) (size 1.7 1.7) (drill 1) (layers *.Cu *.Mask)
      (net 4 /RST))
    (pad 4 thru_hole oval (at 2.54 -2.54 270) (size 1.7 1.7) (drill 1) (layers *.Cu *.Mask)
      (net 15 /RD))
    (pad 3 thru_hole oval (at 0 -2.54 270) (size 1.7 1.7) (drill 1) (layers *.Cu *.Mask)
      (net 14 /WR))
    (pad 2 thru_hole oval (at 2.54 0 270) (size 1.7 1.7) (drill 1) (layers *.Cu *.Mask)
      (net 13 /RS))
    (pad 1 thru_hole rect (at 0 0 270) (size 1.7 1.7) (drill 1) (layers *.Cu *.Mask)
      (net 12 /~CS~))
    (model ${KISYS3DMOD}/Connector_PinHeader_2.54mm.3dshapes/PinHeader_2x16_P2.54mm_Vertical.wrl
      (at (xyz 0 0 0))
      (scale (xyz 1 1 1))
      (rotate (xyz 0 0 0))
    )
  )

  (module Capacitor_SMD:C_0603_1608Metric_Pad1.05x0.95mm_HandSolder (layer B.Cu) (tedit 5B301BBE) (tstamp 5DDB2418)
    (at 115.203 91.948)
    (descr "Capacitor SMD 0603 (1608 Metric), square (rectangular) end terminal, IPC_7351 nominal with elongated pad for handsoldering. (Body size source: http://www.tortai-tech.com/upload/download/2011102023233369053.pdf), generated with kicad-footprint-generator")
    (tags "capacitor handsolder")
    (path /5DF98D6A)
    (attr smd)
    (fp_text reference C1 (at 0 1.43) (layer B.SilkS)
      (effects (font (size 1 1) (thickness 0.15)) (justify mirror))
    )
    (fp_text value 0.1uF (at 0 -1.43) (layer B.Fab)
      (effects (font (size 1 1) (thickness 0.15)) (justify mirror))
    )
    (fp_line (start -0.8 -0.4) (end -0.8 0.4) (layer B.Fab) (width 0.1))
    (fp_line (start -0.8 0.4) (end 0.8 0.4) (layer B.Fab) (width 0.1))
    (fp_line (start 0.8 0.4) (end 0.8 -0.4) (layer B.Fab) (width 0.1))
    (fp_line (start 0.8 -0.4) (end -0.8 -0.4) (layer B.Fab) (width 0.1))
    (fp_line (start -0.171267 0.51) (end 0.171267 0.51) (layer B.SilkS) (width 0.12))
    (fp_line (start -0.171267 -0.51) (end 0.171267 -0.51) (layer B.SilkS) (width 0.12))
    (fp_line (start -1.65 -0.73) (end -1.65 0.73) (layer B.CrtYd) (width 0.05))
    (fp_line (start -1.65 0.73) (end 1.65 0.73) (layer B.CrtYd) (width 0.05))
    (fp_line (start 1.65 0.73) (end 1.65 -0.73) (layer B.CrtYd) (width 0.05))
    (fp_line (start 1.65 -0.73) (end -1.65 -0.73) (layer B.CrtYd) (width 0.05))
    (fp_text user %R (at 0 0) (layer B.Fab)
      (effects (font (size 0.4 0.4) (thickness 0.06)) (justify mirror))
    )
    (pad 1 smd roundrect (at -0.875 0) (size 1.05 0.95) (layers B.Cu B.Paste B.Mask) (roundrect_rratio 0.25)
      (net 1 GND))
    (pad 2 smd roundrect (at 0.875 0) (size 1.05 0.95) (layers B.Cu B.Paste B.Mask) (roundrect_rratio 0.25)
      (net 2 +3V3))
    (model ${KISYS3DMOD}/Capacitor_SMD.3dshapes/C_0603_1608Metric.wrl
      (at (xyz 0 0 0))
      (scale (xyz 1 1 1))
      (rotate (xyz 0 0 0))
    )
  )

  (module Capacitor_SMD:C_0603_1608Metric_Pad1.05x0.95mm_HandSolder (layer B.Cu) (tedit 5B301BBE) (tstamp 5DDB2429)
    (at 143.525 111.8 180)
    (descr "Capacitor SMD 0603 (1608 Metric), square (rectangular) end terminal, IPC_7351 nominal with elongated pad for handsoldering. (Body size source: http://www.tortai-tech.com/upload/download/2011102023233369053.pdf), generated with kicad-footprint-generator")
    (tags "capacitor handsolder")
    (path /5DE5B554)
    (attr smd)
    (fp_text reference C2 (at 0 1.43) (layer B.SilkS)
      (effects (font (size 1 1) (thickness 0.15)) (justify mirror))
    )
    (fp_text value 1uF (at 0 -1.43) (layer B.Fab)
      (effects (font (size 1 1) (thickness 0.15)) (justify mirror))
    )
    (fp_text user %R (at 0 0) (layer B.Fab)
      (effects (font (size 0.4 0.4) (thickness 0.06)) (justify mirror))
    )
    (fp_line (start 1.65 -0.73) (end -1.65 -0.73) (layer B.CrtYd) (width 0.05))
    (fp_line (start 1.65 0.73) (end 1.65 -0.73) (layer B.CrtYd) (width 0.05))
    (fp_line (start -1.65 0.73) (end 1.65 0.73) (layer B.CrtYd) (width 0.05))
    (fp_line (start -1.65 -0.73) (end -1.65 0.73) (layer B.CrtYd) (width 0.05))
    (fp_line (start -0.171267 -0.51) (end 0.171267 -0.51) (layer B.SilkS) (width 0.12))
    (fp_line (start -0.171267 0.51) (end 0.171267 0.51) (layer B.SilkS) (width 0.12))
    (fp_line (start 0.8 -0.4) (end -0.8 -0.4) (layer B.Fab) (width 0.1))
    (fp_line (start 0.8 0.4) (end 0.8 -0.4) (layer B.Fab) (width 0.1))
    (fp_line (start -0.8 0.4) (end 0.8 0.4) (layer B.Fab) (width 0.1))
    (fp_line (start -0.8 -0.4) (end -0.8 0.4) (layer B.Fab) (width 0.1))
    (pad 2 smd roundrect (at 0.875 0 180) (size 1.05 0.95) (layers B.Cu B.Paste B.Mask) (roundrect_rratio 0.25)
      (net 3 +5V))
    (pad 1 smd roundrect (at -0.875 0 180) (size 1.05 0.95) (layers B.Cu B.Paste B.Mask) (roundrect_rratio 0.25)
      (net 1 GND))
    (model ${KISYS3DMOD}/Capacitor_SMD.3dshapes/C_0603_1608Metric.wrl
      (at (xyz 0 0 0))
      (scale (xyz 1 1 1))
      (rotate (xyz 0 0 0))
    )
  )

  (module Capacitor_SMD:C_0603_1608Metric_Pad1.05x0.95mm_HandSolder (layer B.Cu) (tedit 5B301BBE) (tstamp 5DDB83FF)
    (at 139.305 93.98)
    (descr "Capacitor SMD 0603 (1608 Metric), square (rectangular) end terminal, IPC_7351 nominal with elongated pad for handsoldering. (Body size source: http://www.tortai-tech.com/upload/download/2011102023233369053.pdf), generated with kicad-footprint-generator")
    (tags "capacitor handsolder")
    (path /5DEC7FDA)
    (attr smd)
    (fp_text reference C3 (at 0 1.43) (layer B.SilkS)
      (effects (font (size 1 1) (thickness 0.15)) (justify mirror))
    )
    (fp_text value 0.1uF/25F (at 0 -1.43) (layer B.Fab)
      (effects (font (size 1 1) (thickness 0.15)) (justify mirror))
    )
    (fp_line (start -0.8 -0.4) (end -0.8 0.4) (layer B.Fab) (width 0.1))
    (fp_line (start -0.8 0.4) (end 0.8 0.4) (layer B.Fab) (width 0.1))
    (fp_line (start 0.8 0.4) (end 0.8 -0.4) (layer B.Fab) (width 0.1))
    (fp_line (start 0.8 -0.4) (end -0.8 -0.4) (layer B.Fab) (width 0.1))
    (fp_line (start -0.171267 0.51) (end 0.171267 0.51) (layer B.SilkS) (width 0.12))
    (fp_line (start -0.171267 -0.51) (end 0.171267 -0.51) (layer B.SilkS) (width 0.12))
    (fp_line (start -1.65 -0.73) (end -1.65 0.73) (layer B.CrtYd) (width 0.05))
    (fp_line (start -1.65 0.73) (end 1.65 0.73) (layer B.CrtYd) (width 0.05))
    (fp_line (start 1.65 0.73) (end 1.65 -0.73) (layer B.CrtYd) (width 0.05))
    (fp_line (start 1.65 -0.73) (end -1.65 -0.73) (layer B.CrtYd) (width 0.05))
    (fp_text user %R (at 0 0) (layer B.Fab)
      (effects (font (size 0.4 0.4) (thickness 0.06)) (justify mirror))
    )
    (pad 1 smd roundrect (at -0.875 0) (size 1.05 0.95) (layers B.Cu B.Paste B.Mask) (roundrect_rratio 0.25)
      (net 1 GND))
    (pad 2 smd roundrect (at 0.875 0) (size 1.05 0.95) (layers B.Cu B.Paste B.Mask) (roundrect_rratio 0.25)
      (net 2 +3V3))
    (model ${KISYS3DMOD}/Capacitor_SMD.3dshapes/C_0603_1608Metric.wrl
      (at (xyz 0 0 0))
      (scale (xyz 1 1 1))
      (rotate (xyz 0 0 0))
    )
  )

  (module Capacitor_SMD:C_0603_1608Metric_Pad1.05x0.95mm_HandSolder (layer B.Cu) (tedit 5B301BBE) (tstamp 5DDB244B)
    (at 140.4 103.675 270)
    (descr "Capacitor SMD 0603 (1608 Metric), square (rectangular) end terminal, IPC_7351 nominal with elongated pad for handsoldering. (Body size source: http://www.tortai-tech.com/upload/download/2011102023233369053.pdf), generated with kicad-footprint-generator")
    (tags "capacitor handsolder")
    (path /5DE5BAC2)
    (attr smd)
    (fp_text reference C4 (at -1.395 1.77 180) (layer B.SilkS)
      (effects (font (size 1 1) (thickness 0.15)) (justify mirror))
    )
    (fp_text value 0.1uF (at 0 -1.43 90) (layer B.Fab)
      (effects (font (size 1 1) (thickness 0.15)) (justify mirror))
    )
    (fp_line (start -0.8 -0.4) (end -0.8 0.4) (layer B.Fab) (width 0.1))
    (fp_line (start -0.8 0.4) (end 0.8 0.4) (layer B.Fab) (width 0.1))
    (fp_line (start 0.8 0.4) (end 0.8 -0.4) (layer B.Fab) (width 0.1))
    (fp_line (start 0.8 -0.4) (end -0.8 -0.4) (layer B.Fab) (width 0.1))
    (fp_line (start -0.171267 0.51) (end 0.171267 0.51) (layer B.SilkS) (width 0.12))
    (fp_line (start -0.171267 -0.51) (end 0.171267 -0.51) (layer B.SilkS) (width 0.12))
    (fp_line (start -1.65 -0.73) (end -1.65 0.73) (layer B.CrtYd) (width 0.05))
    (fp_line (start -1.65 0.73) (end 1.65 0.73) (layer B.CrtYd) (width 0.05))
    (fp_line (start 1.65 0.73) (end 1.65 -0.73) (layer B.CrtYd) (width 0.05))
    (fp_line (start 1.65 -0.73) (end -1.65 -0.73) (layer B.CrtYd) (width 0.05))
    (fp_text user %R (at 0 0 90) (layer B.Fab)
      (effects (font (size 0.4 0.4) (thickness 0.06)) (justify mirror))
    )
    (pad 1 smd roundrect (at -0.875 0 270) (size 1.05 0.95) (layers B.Cu B.Paste B.Mask) (roundrect_rratio 0.25)
      (net 2 +3V3))
    (pad 2 smd roundrect (at 0.875 0 270) (size 1.05 0.95) (layers B.Cu B.Paste B.Mask) (roundrect_rratio 0.25)
      (net 1 GND))
    (model ${KISYS3DMOD}/Capacitor_SMD.3dshapes/C_0603_1608Metric.wrl
      (at (xyz 0 0 0))
      (scale (xyz 1 1 1))
      (rotate (xyz 0 0 0))
    )
  )

  (module Capacitor_SMD:C_0603_1608Metric_Pad1.05x0.95mm_HandSolder (layer B.Cu) (tedit 5B301BBE) (tstamp 5DDB245C)
    (at 135.241 91.948 180)
    (descr "Capacitor SMD 0603 (1608 Metric), square (rectangular) end terminal, IPC_7351 nominal with elongated pad for handsoldering. (Body size source: http://www.tortai-tech.com/upload/download/2011102023233369053.pdf), generated with kicad-footprint-generator")
    (tags "capacitor handsolder")
    (path /5DEFE26C)
    (attr smd)
    (fp_text reference C5 (at 0 1.43) (layer B.SilkS)
      (effects (font (size 1 1) (thickness 0.15)) (justify mirror))
    )
    (fp_text value C (at 0 -1.43) (layer B.Fab)
      (effects (font (size 1 1) (thickness 0.15)) (justify mirror))
    )
    (fp_text user %R (at 0 0) (layer B.Fab)
      (effects (font (size 0.4 0.4) (thickness 0.06)) (justify mirror))
    )
    (fp_line (start 1.65 -0.73) (end -1.65 -0.73) (layer B.CrtYd) (width 0.05))
    (fp_line (start 1.65 0.73) (end 1.65 -0.73) (layer B.CrtYd) (width 0.05))
    (fp_line (start -1.65 0.73) (end 1.65 0.73) (layer B.CrtYd) (width 0.05))
    (fp_line (start -1.65 -0.73) (end -1.65 0.73) (layer B.CrtYd) (width 0.05))
    (fp_line (start -0.171267 -0.51) (end 0.171267 -0.51) (layer B.SilkS) (width 0.12))
    (fp_line (start -0.171267 0.51) (end 0.171267 0.51) (layer B.SilkS) (width 0.12))
    (fp_line (start 0.8 -0.4) (end -0.8 -0.4) (layer B.Fab) (width 0.1))
    (fp_line (start 0.8 0.4) (end 0.8 -0.4) (layer B.Fab) (width 0.1))
    (fp_line (start -0.8 0.4) (end 0.8 0.4) (layer B.Fab) (width 0.1))
    (fp_line (start -0.8 -0.4) (end -0.8 0.4) (layer B.Fab) (width 0.1))
    (pad 2 smd roundrect (at 0.875 0 180) (size 1.05 0.95) (layers B.Cu B.Paste B.Mask) (roundrect_rratio 0.25)
      (net 4 /RST))
    (pad 1 smd roundrect (at -0.875 0 180) (size 1.05 0.95) (layers B.Cu B.Paste B.Mask) (roundrect_rratio 0.25)
      (net 1 GND))
    (model ${KISYS3DMOD}/Capacitor_SMD.3dshapes/C_0603_1608Metric.wrl
      (at (xyz 0 0 0))
      (scale (xyz 1 1 1))
      (rotate (xyz 0 0 0))
    )
  )

  (module qconnectors:TFT8K3548FPC-A1-E (layer F.Cu) (tedit 5DDAA52F) (tstamp 5DDB24C4)
    (at 124.7 98.6)
    (path /5DDBFC9C)
    (attr smd)
    (fp_text reference J1 (at -26.6 -2.4) (layer F.SilkS)
      (effects (font (size 1 1) (thickness 0.15)))
    )
    (fp_text value TFT8K3548FPC-A1-E (at -0.41 0.37) (layer F.Fab)
      (effects (font (size 1 1) (thickness 0.15)))
    )
    (fp_line (start -23 -2.18) (end 23 -2.18) (layer F.SilkS) (width 0.12))
    (fp_line (start -23 2.18) (end 23 2.18) (layer F.SilkS) (width 0.12))
    (fp_line (start -23 0.06) (end -23 -2.18) (layer F.SilkS) (width 0.12))
    (fp_line (start 23 0.06) (end 23 -2.18) (layer F.SilkS) (width 0.12))
    (fp_line (start 23 0.04) (end 23 2.23) (layer F.SilkS) (width 0.12))
    (fp_line (start -23 0.03) (end -23 2.18) (layer F.SilkS) (width 0.12))
    (fp_line (start 23.21 2.64) (end 23.21 -2.36) (layer F.CrtYd) (width 0.12))
    (fp_line (start -23.21 -2.4) (end -23.21 2.63) (layer F.CrtYd) (width 0.12))
    (fp_line (start -23.21 -2.4) (end 23.21 -2.36) (layer F.CrtYd) (width 0.12))
    (fp_line (start 23.21 2.64) (end -23.21 2.63) (layer F.CrtYd) (width 0.12))
    (fp_line (start -18 -2.4) (end -18 -3.2) (layer F.SilkS) (width 0.12))
    (fp_line (start -13 -3.2) (end -13 -2.4) (layer F.SilkS) (width 0.12))
    (fp_line (start -8 -3.2) (end -8 -2.4) (layer F.SilkS) (width 0.12))
    (fp_line (start -3 -3.2) (end -3 -2.4) (layer F.SilkS) (width 0.12))
    (fp_line (start 2 -3.2) (end 2 -2.4) (layer F.SilkS) (width 0.12))
    (fp_line (start 7 -3.2) (end 7 -2.4) (layer F.SilkS) (width 0.12))
    (fp_line (start 12 -3.2) (end 12 -2.4) (layer F.SilkS) (width 0.12))
    (fp_line (start 17 -3.2) (end 17 -2.4) (layer F.SilkS) (width 0.12))
    (fp_line (start 22 -3.2) (end 22 -2.4) (layer F.SilkS) (width 0.12))
    (fp_line (start -23 -3.2) (end -23 -2.4) (layer F.SilkS) (width 0.12))
    (pad 1 smd rect (at -22.5 0) (size 0.7 4) (layers F.Cu F.Paste F.Mask)
      (net 1 GND))
    (pad 2 smd rect (at -21.5 0) (size 0.7 4) (layers F.Cu F.Paste F.Mask)
      (net 5 /XL))
    (pad 3 smd rect (at -20.5 0) (size 0.7 4) (layers F.Cu F.Paste F.Mask)
      (net 6 /YU))
    (pad 4 smd rect (at -19.5 0) (size 0.7 4) (layers F.Cu F.Paste F.Mask)
      (net 7 /XR))
    (pad 5 smd rect (at -18.5 0) (size 0.7 4) (layers F.Cu F.Paste F.Mask)
      (net 8 /YD))
    (pad 6 smd rect (at -17.5 0) (size 0.7 4) (layers F.Cu F.Paste F.Mask)
      (net 9 /LCD_ID))
    (pad 7 smd rect (at -16.5 0) (size 0.7 4) (layers F.Cu F.Paste F.Mask)
      (net 1 GND))
    (pad 8 smd rect (at -15.5 0) (size 0.7 4) (layers F.Cu F.Paste F.Mask)
      (net 2 +3V3))
    (pad 9 smd rect (at -14.5 0) (size 0.7 4) (layers F.Cu F.Paste F.Mask)
      (net 2 +3V3))
    (pad 10 smd rect (at -13.5 0) (size 0.7 4) (layers F.Cu F.Paste F.Mask)
      (net 2 +3V3))
    (pad 11 smd rect (at -12.5 0) (size 0.7 4) (layers F.Cu F.Paste F.Mask)
      (net 10 /TE))
    (pad 12 smd rect (at -11.5 0) (size 0.7 4) (layers F.Cu F.Paste F.Mask)
      (net 11 "Net-(J1-Pad12)"))
    (pad 13 smd rect (at -10.5 0) (size 0.7 4) (layers F.Cu F.Paste F.Mask)
      (net 12 /~CS~))
    (pad 14 smd rect (at -9.5 0) (size 0.7 4) (layers F.Cu F.Paste F.Mask)
      (net 13 /RS))
    (pad 15 smd rect (at -8.5 0) (size 0.7 4) (layers F.Cu F.Paste F.Mask)
      (net 14 /WR))
    (pad 16 smd rect (at -7.5 0) (size 0.7 4) (layers F.Cu F.Paste F.Mask)
      (net 15 /RD))
    (pad 17 smd rect (at -6.5 0) (size 0.7 4) (layers F.Cu F.Paste F.Mask)
      (net 16 /DB0))
    (pad 18 smd rect (at -5.5 0) (size 0.7 4) (layers F.Cu F.Paste F.Mask)
      (net 17 /DB1))
    (pad 19 smd rect (at -4.5 0) (size 0.7 4) (layers F.Cu F.Paste F.Mask)
      (net 18 /DB2))
    (pad 20 smd rect (at -3.5 0) (size 0.7 4) (layers F.Cu F.Paste F.Mask)
      (net 19 /DB3))
    (pad 21 smd rect (at -2.5 0) (size 0.7 4) (layers F.Cu F.Paste F.Mask)
      (net 20 /DB4))
    (pad 22 smd rect (at -1.5 0) (size 0.7 4) (layers F.Cu F.Paste F.Mask)
      (net 21 /DB5))
    (pad 23 smd rect (at -0.5 0) (size 0.7 4) (layers F.Cu F.Paste F.Mask)
      (net 22 /DB6))
    (pad 24 smd rect (at 0.5 0) (size 0.7 4) (layers F.Cu F.Paste F.Mask)
      (net 23 /DB7))
    (pad 25 smd rect (at 1.5 0) (size 0.7 4) (layers F.Cu F.Paste F.Mask)
      (net 24 /DB8))
    (pad 26 smd rect (at 2.5 0) (size 0.7 4) (layers F.Cu F.Paste F.Mask)
      (net 25 /DB9))
    (pad 27 smd rect (at 3.5 0) (size 0.7 4) (layers F.Cu F.Paste F.Mask)
      (net 26 /DB10))
    (pad 28 smd rect (at 4.5 0) (size 0.7 4) (layers F.Cu F.Paste F.Mask)
      (net 27 /DB11))
    (pad 29 smd rect (at 5.5 0) (size 0.7 4) (layers F.Cu F.Paste F.Mask)
      (net 28 /DB12))
    (pad 30 smd rect (at 6.5 0) (size 0.7 4) (layers F.Cu F.Paste F.Mask)
      (net 29 /DB13))
    (pad 31 smd rect (at 7.5 0) (size 0.7 4) (layers F.Cu F.Paste F.Mask)
      (net 30 /DB14))
    (pad 32 smd rect (at 8.5 0) (size 0.7 4) (layers F.Cu F.Paste F.Mask)
      (net 31 /DB15))
    (pad 33 smd rect (at 9.5 0) (size 0.7 4) (layers F.Cu F.Paste F.Mask)
      (net 32 /DB16))
    (pad 34 smd rect (at 10.5 0) (size 0.7 4) (layers F.Cu F.Paste F.Mask)
      (net 33 /DB17))
    (pad 35 smd rect (at 11.5 0) (size 0.7 4) (layers F.Cu F.Paste F.Mask)
      (net 4 /RST))
    (pad 36 smd rect (at 12.5 0) (size 0.7 4) (layers F.Cu F.Paste F.Mask)
      (net 34 "Net-(J1-Pad36)"))
    (pad 37 smd rect (at 13.5 0) (size 0.7 4) (layers F.Cu F.Paste F.Mask)
      (net 1 GND))
    (pad 38 smd rect (at 14.5 0) (size 0.7 4) (layers F.Cu F.Paste F.Mask)
      (net 1 GND))
    (pad 39 smd rect (at 15.5 0) (size 0.7 4) (layers F.Cu F.Paste F.Mask)
      (net 2 +3V3))
    (pad 40 smd rect (at 16.5 0) (size 0.7 4) (layers F.Cu F.Paste F.Mask)
      (net 35 /LEDK))
    (pad 41 smd rect (at 17.5 0) (size 0.7 4) (layers F.Cu F.Paste F.Mask)
      (net 35 /LEDK))
    (pad 42 smd rect (at 18.5 0) (size 0.7 4) (layers F.Cu F.Paste F.Mask)
      (net 35 /LEDK))
    (pad 43 smd rect (at 19.5 0) (size 0.7 4) (layers F.Cu F.Paste F.Mask)
      (net 35 /LEDK))
    (pad 44 smd rect (at 20.5 0) (size 0.7 4) (layers F.Cu F.Paste F.Mask)
      (net 35 /LEDK))
    (pad 45 smd rect (at 21.5 0) (size 0.7 4) (layers F.Cu F.Paste F.Mask)
      (net 35 /LEDK))
    (pad 46 smd rect (at 22.5 0) (size 0.7 4) (layers F.Cu F.Paste F.Mask)
      (net 1 GND))
  )

  (module Package_TO_SOT_SMD:TSOT-23_HandSoldering (layer B.Cu) (tedit 5A02FF57) (tstamp 5DDB258C)
    (at 136.6 106.2 90)
    (descr "5-pin TSOT23 package, http://cds.linear.com/docs/en/packaging/SOT_5_05-08-1635.pdf")
    (tags "TSOT-23 Hand-soldering")
    (path /5E055E38)
    (attr smd)
    (fp_text reference Q1 (at 3.9 -2.58 180) (layer B.SilkS)
      (effects (font (size 1 1) (thickness 0.15)) (justify mirror))
    )
    (fp_text value GP2302 (at 0 -2.5 90) (layer B.Fab)
      (effects (font (size 1 1) (thickness 0.15)) (justify mirror))
    )
    (fp_text user %R (at 0 0 180) (layer B.Fab)
      (effects (font (size 0.5 0.5) (thickness 0.075)) (justify mirror))
    )
    (fp_line (start 0.95 -0.5) (end 0.95 -1.55) (layer B.SilkS) (width 0.12))
    (fp_line (start 0.95 -1.55) (end -0.9 -1.55) (layer B.SilkS) (width 0.12))
    (fp_line (start 0.95 1.5) (end 0.95 0.5) (layer B.SilkS) (width 0.12))
    (fp_line (start 0.93 1.51) (end -1.5 1.51) (layer B.SilkS) (width 0.12))
    (fp_line (start -0.88 1) (end -0.43 1.45) (layer B.Fab) (width 0.1))
    (fp_line (start 0.88 1.45) (end -0.43 1.45) (layer B.Fab) (width 0.1))
    (fp_line (start -0.88 1) (end -0.88 -1.45) (layer B.Fab) (width 0.1))
    (fp_line (start 0.88 -1.45) (end -0.88 -1.45) (layer B.Fab) (width 0.1))
    (fp_line (start 0.88 1.45) (end 0.88 -1.45) (layer B.Fab) (width 0.1))
    (fp_line (start -2.96 1.7) (end 2.96 1.7) (layer B.CrtYd) (width 0.05))
    (fp_line (start -2.96 1.7) (end -2.96 -1.7) (layer B.CrtYd) (width 0.05))
    (fp_line (start 2.96 -1.7) (end 2.96 1.7) (layer B.CrtYd) (width 0.05))
    (fp_line (start 2.96 -1.7) (end -2.96 -1.7) (layer B.CrtYd) (width 0.05))
    (pad 1 smd rect (at -1.71 0.95 90) (size 2 0.65) (layers B.Cu B.Paste B.Mask)
      (net 38 /BL))
    (pad 2 smd rect (at -1.71 -0.95 90) (size 2 0.65) (layers B.Cu B.Paste B.Mask)
      (net 39 "Net-(Q1-Pad2)"))
    (pad 3 smd rect (at 1.71 0 90) (size 2 0.65) (layers B.Cu B.Paste B.Mask)
      (net 35 /LEDK))
    (model ${KISYS3DMOD}/Package_TO_SOT_SMD.3dshapes/TSOT-23.wrl
      (at (xyz 0 0 0))
      (scale (xyz 1 1 1))
      (rotate (xyz 0 0 0))
    )
  )

  (module Resistor_SMD:R_0603_1608Metric_Pad1.05x0.95mm_HandSolder (layer B.Cu) (tedit 5B301BBD) (tstamp 5DDB259D)
    (at 125.589 91.948)
    (descr "Resistor SMD 0603 (1608 Metric), square (rectangular) end terminal, IPC_7351 nominal with elongated pad for handsoldering. (Body size source: http://www.tortai-tech.com/upload/download/2011102023233369053.pdf), generated with kicad-footprint-generator")
    (tags "resistor handsolder")
    (path /5DF62AEC)
    (attr smd)
    (fp_text reference R1 (at 0 1.43) (layer B.SilkS)
      (effects (font (size 1 1) (thickness 0.15)) (justify mirror))
    )
    (fp_text value 10K (at 0 -1.43) (layer B.Fab)
      (effects (font (size 1 1) (thickness 0.15)) (justify mirror))
    )
    (fp_text user %R (at 0 0) (layer B.Fab)
      (effects (font (size 0.4 0.4) (thickness 0.06)) (justify mirror))
    )
    (fp_line (start 1.65 -0.73) (end -1.65 -0.73) (layer B.CrtYd) (width 0.05))
    (fp_line (start 1.65 0.73) (end 1.65 -0.73) (layer B.CrtYd) (width 0.05))
    (fp_line (start -1.65 0.73) (end 1.65 0.73) (layer B.CrtYd) (width 0.05))
    (fp_line (start -1.65 -0.73) (end -1.65 0.73) (layer B.CrtYd) (width 0.05))
    (fp_line (start -0.171267 -0.51) (end 0.171267 -0.51) (layer B.SilkS) (width 0.12))
    (fp_line (start -0.171267 0.51) (end 0.171267 0.51) (layer B.SilkS) (width 0.12))
    (fp_line (start 0.8 -0.4) (end -0.8 -0.4) (layer B.Fab) (width 0.1))
    (fp_line (start 0.8 0.4) (end 0.8 -0.4) (layer B.Fab) (width 0.1))
    (fp_line (start -0.8 0.4) (end 0.8 0.4) (layer B.Fab) (width 0.1))
    (fp_line (start -0.8 -0.4) (end -0.8 0.4) (layer B.Fab) (width 0.1))
    (pad 2 smd roundrect (at 0.875 0) (size 1.05 0.95) (layers B.Cu B.Paste B.Mask) (roundrect_rratio 0.25)
      (net 2 +3V3))
    (pad 1 smd roundrect (at -0.875 0) (size 1.05 0.95) (layers B.Cu B.Paste B.Mask) (roundrect_rratio 0.25)
      (net 34 "Net-(J1-Pad36)"))
    (model ${KISYS3DMOD}/Resistor_SMD.3dshapes/R_0603_1608Metric.wrl
      (at (xyz 0 0 0))
      (scale (xyz 1 1 1))
      (rotate (xyz 0 0 0))
    )
  )

  (module Resistor_SMD:R_0603_1608Metric_Pad1.05x0.95mm_HandSolder (layer B.Cu) (tedit 5B301BBD) (tstamp 5DDB8A2E)
    (at 125.589 93.98 180)
    (descr "Resistor SMD 0603 (1608 Metric), square (rectangular) end terminal, IPC_7351 nominal with elongated pad for handsoldering. (Body size source: http://www.tortai-tech.com/upload/download/2011102023233369053.pdf), generated with kicad-footprint-generator")
    (tags "resistor handsolder")
    (path /5DF638FE)
    (attr smd)
    (fp_text reference R2 (at 0 1.43) (layer B.SilkS)
      (effects (font (size 1 1) (thickness 0.15)) (justify mirror))
    )
    (fp_text value 10K (at 0 -1.43) (layer B.Fab)
      (effects (font (size 1 1) (thickness 0.15)) (justify mirror))
    )
    (fp_text user %R (at 0 0) (layer B.Fab)
      (effects (font (size 0.4 0.4) (thickness 0.06)) (justify mirror))
    )
    (fp_line (start 1.65 -0.73) (end -1.65 -0.73) (layer B.CrtYd) (width 0.05))
    (fp_line (start 1.65 0.73) (end 1.65 -0.73) (layer B.CrtYd) (width 0.05))
    (fp_line (start -1.65 0.73) (end 1.65 0.73) (layer B.CrtYd) (width 0.05))
    (fp_line (start -1.65 -0.73) (end -1.65 0.73) (layer B.CrtYd) (width 0.05))
    (fp_line (start -0.171267 -0.51) (end 0.171267 -0.51) (layer B.SilkS) (width 0.12))
    (fp_line (start -0.171267 0.51) (end 0.171267 0.51) (layer B.SilkS) (width 0.12))
    (fp_line (start 0.8 -0.4) (end -0.8 -0.4) (layer B.Fab) (width 0.1))
    (fp_line (start 0.8 0.4) (end 0.8 -0.4) (layer B.Fab) (width 0.1))
    (fp_line (start -0.8 0.4) (end 0.8 0.4) (layer B.Fab) (width 0.1))
    (fp_line (start -0.8 -0.4) (end -0.8 0.4) (layer B.Fab) (width 0.1))
    (pad 2 smd roundrect (at 0.875 0 180) (size 1.05 0.95) (layers B.Cu B.Paste B.Mask) (roundrect_rratio 0.25)
      (net 34 "Net-(J1-Pad36)"))
    (pad 1 smd roundrect (at -0.875 0 180) (size 1.05 0.95) (layers B.Cu B.Paste B.Mask) (roundrect_rratio 0.25)
      (net 1 GND))
    (model ${KISYS3DMOD}/Resistor_SMD.3dshapes/R_0603_1608Metric.wrl
      (at (xyz 0 0 0))
      (scale (xyz 1 1 1))
      (rotate (xyz 0 0 0))
    )
  )

  (module Resistor_SMD:R_0603_1608Metric_Pad1.05x0.95mm_HandSolder (layer B.Cu) (tedit 5B301BBD) (tstamp 5DDB25BF)
    (at 135.269 93.98)
    (descr "Resistor SMD 0603 (1608 Metric), square (rectangular) end terminal, IPC_7351 nominal with elongated pad for handsoldering. (Body size source: http://www.tortai-tech.com/upload/download/2011102023233369053.pdf), generated with kicad-footprint-generator")
    (tags "resistor handsolder")
    (path /5DEEC1A3)
    (attr smd)
    (fp_text reference R3 (at 0 1.43) (layer B.SilkS)
      (effects (font (size 1 1) (thickness 0.15)) (justify mirror))
    )
    (fp_text value 10K (at 0 -1.43) (layer B.Fab)
      (effects (font (size 1 1) (thickness 0.15)) (justify mirror))
    )
    (fp_text user %R (at 0 0) (layer B.Fab)
      (effects (font (size 0.4 0.4) (thickness 0.06)) (justify mirror))
    )
    (fp_line (start 1.65 -0.73) (end -1.65 -0.73) (layer B.CrtYd) (width 0.05))
    (fp_line (start 1.65 0.73) (end 1.65 -0.73) (layer B.CrtYd) (width 0.05))
    (fp_line (start -1.65 0.73) (end 1.65 0.73) (layer B.CrtYd) (width 0.05))
    (fp_line (start -1.65 -0.73) (end -1.65 0.73) (layer B.CrtYd) (width 0.05))
    (fp_line (start -0.171267 -0.51) (end 0.171267 -0.51) (layer B.SilkS) (width 0.12))
    (fp_line (start -0.171267 0.51) (end 0.171267 0.51) (layer B.SilkS) (width 0.12))
    (fp_line (start 0.8 -0.4) (end -0.8 -0.4) (layer B.Fab) (width 0.1))
    (fp_line (start 0.8 0.4) (end 0.8 -0.4) (layer B.Fab) (width 0.1))
    (fp_line (start -0.8 0.4) (end 0.8 0.4) (layer B.Fab) (width 0.1))
    (fp_line (start -0.8 -0.4) (end -0.8 0.4) (layer B.Fab) (width 0.1))
    (pad 2 smd roundrect (at 0.875 0) (size 1.05 0.95) (layers B.Cu B.Paste B.Mask) (roundrect_rratio 0.25)
      (net 2 +3V3))
    (pad 1 smd roundrect (at -0.875 0) (size 1.05 0.95) (layers B.Cu B.Paste B.Mask) (roundrect_rratio 0.25)
      (net 4 /RST))
    (model ${KISYS3DMOD}/Resistor_SMD.3dshapes/R_0603_1608Metric.wrl
      (at (xyz 0 0 0))
      (scale (xyz 1 1 1))
      (rotate (xyz 0 0 0))
    )
  )

  (module Resistor_SMD:R_0603_1608Metric_Pad1.05x0.95mm_HandSolder (layer B.Cu) (tedit 5B301BBD) (tstamp 5DDB86CB)
    (at 115.203 93.98)
    (descr "Resistor SMD 0603 (1608 Metric), square (rectangular) end terminal, IPC_7351 nominal with elongated pad for handsoldering. (Body size source: http://www.tortai-tech.com/upload/download/2011102023233369053.pdf), generated with kicad-footprint-generator")
    (tags "resistor handsolder")
    (path /5DF17C22)
    (attr smd)
    (fp_text reference R4 (at 0 1.43) (layer B.SilkS)
      (effects (font (size 1 1) (thickness 0.15)) (justify mirror))
    )
    (fp_text value 10K (at 0 -1.43) (layer B.Fab)
      (effects (font (size 1 1) (thickness 0.15)) (justify mirror))
    )
    (fp_line (start -0.8 -0.4) (end -0.8 0.4) (layer B.Fab) (width 0.1))
    (fp_line (start -0.8 0.4) (end 0.8 0.4) (layer B.Fab) (width 0.1))
    (fp_line (start 0.8 0.4) (end 0.8 -0.4) (layer B.Fab) (width 0.1))
    (fp_line (start 0.8 -0.4) (end -0.8 -0.4) (layer B.Fab) (width 0.1))
    (fp_line (start -0.171267 0.51) (end 0.171267 0.51) (layer B.SilkS) (width 0.12))
    (fp_line (start -0.171267 -0.51) (end 0.171267 -0.51) (layer B.SilkS) (width 0.12))
    (fp_line (start -1.65 -0.73) (end -1.65 0.73) (layer B.CrtYd) (width 0.05))
    (fp_line (start -1.65 0.73) (end 1.65 0.73) (layer B.CrtYd) (width 0.05))
    (fp_line (start 1.65 0.73) (end 1.65 -0.73) (layer B.CrtYd) (width 0.05))
    (fp_line (start 1.65 -0.73) (end -1.65 -0.73) (layer B.CrtYd) (width 0.05))
    (fp_text user %R (at 0 0) (layer B.Fab)
      (effects (font (size 0.4 0.4) (thickness 0.06)) (justify mirror))
    )
    (pad 1 smd roundrect (at -0.875 0) (size 1.05 0.95) (layers B.Cu B.Paste B.Mask) (roundrect_rratio 0.25)
      (net 12 /~CS~))
    (pad 2 smd roundrect (at 0.875 0) (size 1.05 0.95) (layers B.Cu B.Paste B.Mask) (roundrect_rratio 0.25)
      (net 2 +3V3))
    (model ${KISYS3DMOD}/Resistor_SMD.3dshapes/R_0603_1608Metric.wrl
      (at (xyz 0 0 0))
      (scale (xyz 1 1 1))
      (rotate (xyz 0 0 0))
    )
  )

  (module Resistor_SMD:R_0603_1608Metric_Pad1.05x0.95mm_HandSolder (layer B.Cu) (tedit 5B301BBD) (tstamp 5DDB25E1)
    (at 139.4 107.475 90)
    (descr "Resistor SMD 0603 (1608 Metric), square (rectangular) end terminal, IPC_7351 nominal with elongated pad for handsoldering. (Body size source: http://www.tortai-tech.com/upload/download/2011102023233369053.pdf), generated with kicad-footprint-generator")
    (tags "resistor handsolder")
    (path /5E057203)
    (attr smd)
    (fp_text reference R5 (at 6.625 1.17 270) (layer B.SilkS)
      (effects (font (size 1 1) (thickness 0.15)) (justify mirror))
    )
    (fp_text value 22R (at 0 -1.43 90) (layer B.Fab)
      (effects (font (size 1 1) (thickness 0.15)) (justify mirror))
    )
    (fp_line (start -0.8 -0.4) (end -0.8 0.4) (layer B.Fab) (width 0.1))
    (fp_line (start -0.8 0.4) (end 0.8 0.4) (layer B.Fab) (width 0.1))
    (fp_line (start 0.8 0.4) (end 0.8 -0.4) (layer B.Fab) (width 0.1))
    (fp_line (start 0.8 -0.4) (end -0.8 -0.4) (layer B.Fab) (width 0.1))
    (fp_line (start -0.171267 0.51) (end 0.171267 0.51) (layer B.SilkS) (width 0.12))
    (fp_line (start -0.171267 -0.51) (end 0.171267 -0.51) (layer B.SilkS) (width 0.12))
    (fp_line (start -1.65 -0.73) (end -1.65 0.73) (layer B.CrtYd) (width 0.05))
    (fp_line (start -1.65 0.73) (end 1.65 0.73) (layer B.CrtYd) (width 0.05))
    (fp_line (start 1.65 0.73) (end 1.65 -0.73) (layer B.CrtYd) (width 0.05))
    (fp_line (start 1.65 -0.73) (end -1.65 -0.73) (layer B.CrtYd) (width 0.05))
    (fp_text user %R (at 0 0 90) (layer B.Fab)
      (effects (font (size 0.4 0.4) (thickness 0.06)) (justify mirror))
    )
    (pad 1 smd roundrect (at -0.875 0 90) (size 1.05 0.95) (layers B.Cu B.Paste B.Mask) (roundrect_rratio 0.25)
      (net 1 GND))
    (pad 2 smd roundrect (at 0.875 0 90) (size 1.05 0.95) (layers B.Cu B.Paste B.Mask) (roundrect_rratio 0.25)
      (net 39 "Net-(Q1-Pad2)"))
    (model ${KISYS3DMOD}/Resistor_SMD.3dshapes/R_0603_1608Metric.wrl
      (at (xyz 0 0 0))
      (scale (xyz 1 1 1))
      (rotate (xyz 0 0 0))
    )
  )

  (module Resistor_SMD:R_0603_1608Metric_Pad1.05x0.95mm_HandSolder (layer B.Cu) (tedit 5B301BBD) (tstamp 5DDB25F2)
    (at 140.85 107.465 90)
    (descr "Resistor SMD 0603 (1608 Metric), square (rectangular) end terminal, IPC_7351 nominal with elongated pad for handsoldering. (Body size source: http://www.tortai-tech.com/upload/download/2011102023233369053.pdf), generated with kicad-footprint-generator")
    (tags "resistor handsolder")
    (path /5E058FF5)
    (attr smd)
    (fp_text reference R6 (at 6.615 1.08 90) (layer B.SilkS)
      (effects (font (size 1 1) (thickness 0.15)) (justify mirror))
    )
    (fp_text value 10K (at 0 -1.43 90) (layer B.Fab)
      (effects (font (size 1 1) (thickness 0.15)) (justify mirror))
    )
    (fp_text user %R (at 0 0 90) (layer B.Fab)
      (effects (font (size 0.4 0.4) (thickness 0.06)) (justify mirror))
    )
    (fp_line (start 1.65 -0.73) (end -1.65 -0.73) (layer B.CrtYd) (width 0.05))
    (fp_line (start 1.65 0.73) (end 1.65 -0.73) (layer B.CrtYd) (width 0.05))
    (fp_line (start -1.65 0.73) (end 1.65 0.73) (layer B.CrtYd) (width 0.05))
    (fp_line (start -1.65 -0.73) (end -1.65 0.73) (layer B.CrtYd) (width 0.05))
    (fp_line (start -0.171267 -0.51) (end 0.171267 -0.51) (layer B.SilkS) (width 0.12))
    (fp_line (start -0.171267 0.51) (end 0.171267 0.51) (layer B.SilkS) (width 0.12))
    (fp_line (start 0.8 -0.4) (end -0.8 -0.4) (layer B.Fab) (width 0.1))
