(kicad_pcb (version 20171130) (host pcbnew "(5.1.4)-1")

  (general
    (thickness 1.6)
    (drawings 33)
    (tracks 503)
    (zones 0)
    (modules 28)
    (nets 46)
  )

  (page A4)
  (layers
    (0 F.Cu signal hide)
    (31 B.Cu signal)
    (32 B.Adhes user)
    (33 F.Adhes user)
    (34 B.Paste user)
    (35 F.Paste user)
    (36 B.SilkS user)
    (37 F.SilkS user)
    (38 B.Mask user)
    (39 F.Mask user)
    (40 Dwgs.User user)
    (41 Cmts.User user)
    (42 Eco1.User user)
    (43 Eco2.User user)
    (44 Edge.Cuts user)
    (45 Margin user)
    (46 B.CrtYd user)
    (47 F.CrtYd user)
    (48 B.Fab user)
    (49 F.Fab user)
  )

  (setup
    (last_trace_width 0.25)
    (trace_clearance 0.2)
    (zone_clearance 0.508)
    (zone_45_only no)
    (trace_min 0.2)
    (via_size 0.8)
    (via_drill 0.4)
    (via_min_size 0.4)
    (via_min_drill 0.3)
    (uvia_size 0.3)
    (uvia_drill 0.1)
    (uvias_allowed no)
    (uvia_min_size 0.2)
    (uvia_min_drill 0.1)
    (edge_width 0.05)
    (segment_width 0.2)
    (pcb_text_width 0.3)
    (pcb_text_size 1.5 1.5)
    (mod_edge_width 0.13)
    (mod_text_size 1 1)
    (mod_text_width 0.15)
    (pad_size 1.524 1.524)
    (pad_drill 0.762)
    (pad_to_mask_clearance 0.051)
    (solder_mask_min_width 0.25)
    (aux_axis_origin 0 0)
    (visible_elements 7FFFFFFF)
    (pcbplotparams
      (layerselection 0x010fc_ffffffff)
      (usegerberextensions false)
      (usegerberattributes false)
      (usegerberadvancedattributes false)
      (creategerberjobfile false)
      (excludeedgelayer true)
      (linewidth 0.100000)
      (plotframeref false)
      (viasonmask false)
      (mode 1)
      (useauxorigin false)
      (hpglpennumber 1)
      (hpglpenspeed 20)
      (hpglpendiameter 15.000000)
      (psnegative false)
      (psa4output false)
      (plotreference true)
      (plotvalue true)
      (plotinvisibletext false)
      (padsonsilk false)
      (subtractmaskfromsilk false)
      (outputformat 1)
      (mirror false)
      (drillshape 0)
      (scaleselection 1)
      (outputdirectory "Gerber/"))
  )

  (net 0 "")
  (net 1 +5V)
  (net 2 GND)
  (net 3 /LEDA)
  (net 4 +3V3)
  (net 5 /RST)
  (net 6 "Net-(D1-Pad2)")
  (net 7 /LEDK)
  (net 8 /TE)
  (net 9 /RS)
  (net 10 /~CS~)
  (net 11 /DB22)
  (net 12 /DB20)
  (net 13 /DB18)
  (net 14 /DB16)
  (net 15 /DB14)
  (net 16 /DB12)
  (net 17 /DB10)
  (net 18 /DB8)
  (net 19 /DB6)
  (net 20 /DB4)
  (net 21 /DB2)
  (net 22 /DB0)
  (net 23 /LCD_ID)
  (net 24 /RD)
  (net 25 /WR)
  (net 26 /DB23)
  (net 27 /DB21)
  (net 28 /DB19)
  (net 29 /DB17)
  (net 30 /DB15)
  (net 31 /DB13)
  (net 32 /DB11)
  (net 33 /DB9)
  (net 34 /DB7)
  (net 35 /DB5)
  (net 36 /DB3)
  (net 37 /DB1)
  (net 38 /BL)
  (net 39 "Net-(R1-Pad1)")
  (net 40 "Net-(J1-Pad1)")
  (net 41 "Net-(J1-Pad3)")
  (net 42 "Net-(J1-Pad5)")
  (net 43 "Net-(J1-Pad2)")
  (net 44 "Net-(J1-Pad4)")
  (net 45 "Net-(J1-Pad6)")

  (net_class Default 这是默认网络类。
    (clearance 0.2)
    (trace_width 0.25)
    (via_dia 0.8)
    (via_drill 0.4)
    (uvia_dia 0.3)
    (uvia_drill 0.1)
    (add_net +3V3)
    (add_net +5V)
    (add_net /BL)
    (add_net /DB0)
    (add_net /DB1)
    (add_net /DB10)
    (add_net /DB11)
    (add_net /DB12)
    (add_net /DB13)
    (add_net /DB14)
    (add_net /DB15)
    (add_net /DB16)
    (add_net /DB17)
    (add_net /DB18)
    (add_net /DB19)
    (add_net /DB2)
    (add_net /DB20)
    (add_net /DB21)
    (add_net /DB22)
    (add_net /DB23)
    (add_net /DB3)
    (add_net /DB4)
    (add_net /DB5)
    (add_net /DB6)
    (add_net /DB7)
    (add_net /DB8)
    (add_net /DB9)
    (add_net /LCD_ID)
    (add_net /LEDA)
    (add_net /LEDK)
    (add_net /RD)
    (add_net /RS)
    (add_net /RST)
    (add_net /TE)
    (add_net /WR)
    (add_net /~CS~)
    (add_net GND)
    (add_net "Net-(D1-Pad2)")
    (add_net "Net-(J1-Pad1)")
    (add_net "Net-(J1-Pad2)")
    (add_net "Net-(J1-Pad3)")
    (add_net "Net-(J1-Pad4)")
    (add_net "Net-(J1-Pad5)")
    (add_net "Net-(J1-Pad6)")
    (add_net "Net-(R1-Pad1)")
  )

  (module Capacitor_SMD:C_0603_1608Metric_Pad1.05x0.95mm_HandSolder (layer B.Cu) (tedit 5B301BBE) (tstamp 5DDAC015)
    (at 104.675 40.4 180)
    (descr "Capacitor SMD 0603 (1608 Metric), square (rectangular) end terminal, IPC_7351 nominal with elongated pad for handsoldering. (Body size source: http://www.tortai-tech.com/upload/download/2011102023233369053.pdf), generated with kicad-footprint-generator")
    (tags "capacitor handsolder")
    (path /5DE563FD)
    (attr smd)
    (fp_text reference C1 (at 0 1.43 180) (layer B.SilkS)
      (effects (font (size 1 1) (thickness 0.15)) (justify mirror))
    )
    (fp_text value 10uF (at 0 -1.43 180) (layer B.Fab)
      (effects (font (size 1 1) (thickness 0.15)) (justify mirror))
    )
    (fp_line (start -0.8 -0.4) (end -0.8 0.4) (layer B.Fab) (width 0.1))
    (fp_line (start -0.8 0.4) (end 0.8 0.4) (layer B.Fab) (width 0.1))
    (fp_line (start 0.8 0.4) (end 0.8 -0.4) (layer B.Fab) (width 0.1))
    (fp_line (start 0.8 -0.4) (end -0.8 -0.4) (layer B.Fab) (width 0.1))
    (fp_line (start -0.171267 0.51) (end 0.171267 0.51) (layer B.SilkS) (width 0.12))
    (fp_line (start -0.171267 -0.51) (end 0.171267 -0.51) (layer B.SilkS) (width 0.12))
    (fp_line (start -1.65 -0.73) (end -1.65 0.73) (layer B.CrtYd) (width 0.05))
    (fp_line (start -1.65 0.73) (end 1.65 0.73) (layer B.CrtYd) (width 0.05))
    (fp_line (start 1.65 0.73) (end 1.65 -0.73) (layer B.CrtYd) (width 0.05))
    (fp_line (start 1.65 -0.73) (end -1.65 -0.73) (layer B.CrtYd) (width 0.05))
    (fp_text user %R (at 0 0 180) (layer B.Fab)
      (effects (font (size 0.4 0.4) (thickness 0.06)) (justify mirror))
    )
    (pad 1 smd roundrect (at -0.875 0 180) (size 1.05 0.95) (layers B.Cu B.Paste B.Mask) (roundrect_rratio 0.25)
      (net 1 +5V))
    (pad 2 smd roundrect (at 0.875 0 180) (size 1.05 0.95) (layers B.Cu B.Paste B.Mask) (roundrect_rratio 0.25)
      (net 2 GND))
    (model ${KISYS3DMOD}/Capacitor_SMD.3dshapes/C_0603_1608Metric.wrl
      (at (xyz 0 0 0))
      (scale (xyz 1 1 1))
      (rotate (xyz 0 0 0))
    )
  )

  (module Capacitor_SMD:C_0603_1608Metric_Pad1.05x0.95mm_HandSolder (layer B.Cu) (tedit 5B301BBE) (tstamp 5DDAC026)
    (at 97.125 113.36 180)
    (descr "Capacitor SMD 0603 (1608 Metric), square (rectangular) end terminal, IPC_7351 nominal with elongated pad for handsoldering. (Body size source: http://www.tortai-tech.com/upload/download/2011102023233369053.pdf), generated with kicad-footprint-generator")
    (tags "capacitor handsolder")
    (path /5DE5B554)
    (attr smd)
    (fp_text reference C2 (at -2.695 0) (layer B.SilkS)
      (effects (font (size 1 1) (thickness 0.15)) (justify mirror))
    )
    (fp_text value 1uF (at 0 -1.43) (layer B.Fab)
      (effects (font (size 1 1) (thickness 0.15)) (justify mirror))
    )
    (fp_text user %R (at 0 0) (layer B.Fab)
      (effects (font (size 0.4 0.4) (thickness 0.06)) (justify mirror))
    )
    (fp_line (start 1.65 -0.73) (end -1.65 -0.73) (layer B.CrtYd) (width 0.05))
    (fp_line (start 1.65 0.73) (end 1.65 -0.73) (layer B.CrtYd) (width 0.05))
    (fp_line (start -1.65 0.73) (end 1.65 0.73) (layer B.CrtYd) (width 0.05))
    (fp_line (start -1.65 -0.73) (end -1.65 0.73) (layer B.CrtYd) (width 0.05))
    (fp_line (start -0.171267 -0.51) (end 0.171267 -0.51) (layer B.SilkS) (width 0.12))
    (fp_line (start -0.171267 0.51) (end 0.171267 0.51) (layer B.SilkS) (width 0.12))
    (fp_line (start 0.8 -0.4) (end -0.8 -0.4) (layer B.Fab) (width 0.1))
    (fp_line (start 0.8 0.4) (end 0.8 -0.4) (layer B.Fab) (width 0.1))
    (fp_line (start -0.8 0.4) (end 0.8 0.4) (layer B.Fab) (width 0.1))
    (fp_line (start -0.8 -0.4) (end -0.8 0.4) (layer B.Fab) (width 0.1))
    (pad 2 smd roundrect (at 0.875 0 180) (size 1.05 0.95) (layers B.Cu B.Paste B.Mask) (roundrect_rratio 0.25)
      (net 1 +5V))
    (pad 1 smd roundrect (at -0.875 0 180) (size 1.05 0.95) (layers B.Cu B.Paste B.Mask) (roundrect_rratio 0.25)
      (net 2 GND))
    (model ${KISYS3DMOD}/Capacitor_SMD.3dshapes/C_0603_1608Metric.wrl
      (at (xyz 0 0 0))
      (scale (xyz 1 1 1))
      (rotate (xyz 0 0 0))
    )
  )

  (module Capacitor_SMD:C_0603_1608Metric_Pad1.05x0.95mm_HandSolder (layer B.Cu) (tedit 5B301BBE) (tstamp 5DDB457B)
    (at 141.065 41.85)
    (descr "Capacitor SMD 0603 (1608 Metric), square (rectangular) end terminal, IPC_7351 nominal with elongated pad for handsoldering. (Body size source: http://www.tortai-tech.com/upload/download/2011102023233369053.pdf), generated with kicad-footprint-generator")
    (tags "capacitor handsolder")
    (path /5DEC7FDA)
    (attr smd)
    (fp_text reference C3 (at 2.695 0.02) (layer B.SilkS)
      (effects (font (size 1 1) (thickness 0.15)) (justify mirror))
    )
    (fp_text value 0.1uF/25F (at 0 -1.43) (layer B.Fab)
      (effects (font (size 1 1) (thickness 0.15)) (justify mirror))
    )
    (fp_text user %R (at 0 0) (layer B.Fab)
      (effects (font (size 0.4 0.4) (thickness 0.06)) (justify mirror))
    )
    (fp_line (start 1.65 -0.73) (end -1.65 -0.73) (layer B.CrtYd) (width 0.05))
    (fp_line (start 1.65 0.73) (end 1.65 -0.73) (layer B.CrtYd) (width 0.05))
    (fp_line (start -1.65 0.73) (end 1.65 0.73) (layer B.CrtYd) (width 0.05))
    (fp_line (start -1.65 -0.73) (end -1.65 0.73) (layer B.CrtYd) (width 0.05))
    (fp_line (start -0.171267 -0.51) (end 0.171267 -0.51) (layer B.SilkS) (width 0.12))
    (fp_line (start -0.171267 0.51) (end 0.171267 0.51) (layer B.SilkS) (width 0.12))
    (fp_line (start 0.8 -0.4) (end -0.8 -0.4) (layer B.Fab) (width 0.1))
    (fp_line (start 0.8 0.4) (end 0.8 -0.4) (layer B.Fab) (width 0.1))
    (fp_line (start -0.8 0.4) (end 0.8 0.4) (layer B.Fab) (width 0.1))
    (fp_line (start -0.8 -0.4) (end -0.8 0.4) (layer B.Fab) (width 0.1))
    (pad 2 smd roundrect (at 0.875 0) (size 1.05 0.95) (layers B.Cu B.Paste B.Mask) (roundrect_rratio 0.25)
      (net 3 /LEDA))
    (pad 1 smd roundrect (at -0.875 0) (size 1.05 0.95) (layers B.Cu B.Paste B.Mask) (roundrect_rratio 0.25)
      (net 2 GND))
    (model ${KISYS3DMOD}/Capacitor_SMD.3dshapes/C_0603_1608Metric.wrl
      (at (xyz 0 0 0))
      (scale (xyz 1 1 1))
      (rotate (xyz 0 0 0))
    )
  )

  (module Capacitor_SMD:C_0603_1608Metric_Pad1.05x0.95mm_HandSolder (layer B.Cu) (tedit 5B301BBE) (tstamp 5DDAC048)
    (at 101.6 107.675 270)
    (descr "Capacitor SMD 0603 (1608 Metric), square (rectangular) end terminal, IPC_7351 nominal with elongated pad for handsoldering. (Body size source: http://www.tortai-tech.com/upload/download/2011102023233369053.pdf), generated with kicad-footprint-generator")
    (tags "capacitor handsolder")
    (path /5DE5BAC2)
    (attr smd)
    (fp_text reference C4 (at -0.705 -1.76 180) (layer B.SilkS)
      (effects (font (size 1 1) (thickness 0.15)) (justify mirror))
    )
    (fp_text value 0.1uF (at 0 -1.43 90) (layer B.Fab)
      (effects (font (size 1 1) (thickness 0.15)) (justify mirror))
    )
    (fp_line (start -0.8 -0.4) (end -0.8 0.4) (layer B.Fab) (width 0.1))
    (fp_line (start -0.8 0.4) (end 0.8 0.4) (layer B.Fab) (width 0.1))
    (fp_line (start 0.8 0.4) (end 0.8 -0.4) (layer B.Fab) (width 0.1))
    (fp_line (start 0.8 -0.4) (end -0.8 -0.4) (layer B.Fab) (width 0.1))
    (fp_line (start -0.171267 0.51) (end 0.171267 0.51) (layer B.SilkS) (width 0.12))
    (fp_line (start -0.171267 -0.51) (end 0.171267 -0.51) (layer B.SilkS) (width 0.12))
    (fp_line (start -1.65 -0.73) (end -1.65 0.73) (layer B.CrtYd) (width 0.05))
    (fp_line (start -1.65 0.73) (end 1.65 0.73) (layer B.CrtYd) (width 0.05))
    (fp_line (start 1.65 0.73) (end 1.65 -0.73) (layer B.CrtYd) (width 0.05))
    (fp_line (start 1.65 -0.73) (end -1.65 -0.73) (layer B.CrtYd) (width 0.05))
    (fp_text user %R (at 0 0 90) (layer B.Fab)
      (effects (font (size 0.4 0.4) (thickness 0.06)) (justify mirror))
    )
    (pad 1 smd roundrect (at -0.875 0 270) (size 1.05 0.95) (layers B.Cu B.Paste B.Mask) (roundrect_rratio 0.25)
      (net 4 +3V3))
    (pad 2 smd roundrect (at 0.875 0 270) (size 1.05 0.95) (layers B.Cu B.Paste B.Mask) (roundrect_rratio 0.25)
      (net 2 GND))
    (model ${KISYS3DMOD}/Capacitor_SMD.3dshapes/C_0603_1608Metric.wrl
      (at (xyz 0 0 0))
      (scale (xyz 1 1 1))
      (rotate (xyz 0 0 0))
    )
  )

  (module Capacitor_SMD:C_0603_1608Metric_Pad1.05x0.95mm_HandSolder (layer B.Cu) (tedit 5B301BBE) (tstamp 5DDAC059)
    (at 141.095 45.23)
    (descr "Capacitor SMD 0603 (1608 Metric), square (rectangular) end terminal, IPC_7351 nominal with elongated pad for handsoldering. (Body size source: http://www.tortai-tech.com/upload/download/2011102023233369053.pdf), generated with kicad-footprint-generator")
    (tags "capacitor handsolder")
    (path /5DEFE26C)
    (attr smd)
    (fp_text reference C5 (at 2.625 0.04) (layer B.SilkS)
      (effects (font (size 1 1) (thickness 0.15)) (justify mirror))
    )
    (fp_text value C (at 0 -1.43) (layer B.Fab)
      (effects (font (size 1 1) (thickness 0.15)) (justify mirror))
    )
    (fp_line (start -0.8 -0.4) (end -0.8 0.4) (layer B.Fab) (width 0.1))
    (fp_line (start -0.8 0.4) (end 0.8 0.4) (layer B.Fab) (width 0.1))
    (fp_line (start 0.8 0.4) (end 0.8 -0.4) (layer B.Fab) (width 0.1))
    (fp_line (start 0.8 -0.4) (end -0.8 -0.4) (layer B.Fab) (width 0.1))
    (fp_line (start -0.171267 0.51) (end 0.171267 0.51) (layer B.SilkS) (width 0.12))
    (fp_line (start -0.171267 -0.51) (end 0.171267 -0.51) (layer B.SilkS) (width 0.12))
    (fp_line (start -1.65 -0.73) (end -1.65 0.73) (layer B.CrtYd) (width 0.05))
    (fp_line (start -1.65 0.73) (end 1.65 0.73) (layer B.CrtYd) (width 0.05))
    (fp_line (start 1.65 0.73) (end 1.65 -0.73) (layer B.CrtYd) (width 0.05))
    (fp_line (start 1.65 -0.73) (end -1.65 -0.73) (layer B.CrtYd) (width 0.05))
    (fp_text user %R (at 0 0) (layer B.Fab)
      (effects (font (size 0.4 0.4) (thickness 0.06)) (justify mirror))
    )
    (pad 1 smd roundrect (at -0.875 0) (size 1.05 0.95) (layers B.Cu B.Paste B.Mask) (roundrect_rratio 0.25)
      (net 2 GND))
    (pad 2 smd roundrect (at 0.875 0) (size 1.05 0.95) (layers B.Cu B.Paste B.Mask) (roundrect_rratio 0.25)
      (net 5 /RST))
    (model ${KISYS3DMOD}/Capacitor_SMD.3dshapes/C_0603_1608Metric.wrl
      (at (xyz 0 0 0))
      (scale (xyz 1 1 1))
      (rotate (xyz 0 0 0))
    )
  )

  (module Diode_SMD:D_1206_3216Metric_Pad1.42x1.75mm_HandSolder (layer B.Cu) (tedit 5B4B45C8) (tstamp 5DDB2902)
    (at 108.8875 29.8 180)
    (descr "Diode SMD 1206 (3216 Metric), square (rectangular) end terminal, IPC_7351 nominal, (Body size source: http://www.tortai-tech.com/upload/download/2011102023233369053.pdf), generated with kicad-footprint-generator")
    (tags "diode handsolder")
    (path /5DE88D42)
    (attr smd)
    (fp_text reference D1 (at -3.5025 0.01) (layer B.SilkS)
      (effects (font (size 1 1) (thickness 0.15)) (justify mirror))
    )
    (fp_text value 1N4148 (at 0 -1.82) (layer B.Fab)
      (effects (font (size 1 1) (thickness 0.15)) (justify mirror))
    )
    (fp_line (start 1.6 0.8) (end -1.2 0.8) (layer B.Fab) (width 0.1))
    (fp_line (start -1.2 0.8) (end -1.6 0.4) (layer B.Fab) (width 0.1))
    (fp_line (start -1.6 0.4) (end -1.6 -0.8) (layer B.Fab) (width 0.1))
    (fp_line (start -1.6 -0.8) (end 1.6 -0.8) (layer B.Fab) (width 0.1))
    (fp_line (start 1.6 -0.8) (end 1.6 0.8) (layer B.Fab) (width 0.1))
    (fp_line (start 1.6 1.135) (end -2.46 1.135) (layer B.SilkS) (width 0.12))
    (fp_line (start -2.46 1.135) (end -2.46 -1.135) (layer B.SilkS) (width 0.12))
    (fp_line (start -2.46 -1.135) (end 1.6 -1.135) (layer B.SilkS) (width 0.12))
    (fp_line (start -2.45 -1.12) (end -2.45 1.12) (layer B.CrtYd) (width 0.05))
    (fp_line (start -2.45 1.12) (end 2.45 1.12) (layer B.CrtYd) (width 0.05))
    (fp_line (start 2.45 1.12) (end 2.45 -1.12) (layer B.CrtYd) (width 0.05))
    (fp_line (start 2.45 -1.12) (end -2.45 -1.12) (layer B.CrtYd) (width 0.05))
    (fp_text user %R (at 0 0) (layer B.Fab)
      (effects (font (size 0.8 0.8) (thickness 0.12)) (justify mirror))
    )
    (pad 1 smd roundrect (at -1.4875 0 180) (size 1.425 1.75) (layers B.Cu B.Paste B.Mask) (roundrect_rratio 0.175439)
      (net 3 /LEDA))
    (pad 2 smd roundrect (at 1.4875 0 180) (size 1.425 1.75) (layers B.Cu B.Paste B.Mask) (roundrect_rratio 0.175439)
      (net 6 "Net-(D1-Pad2)"))
    (model ${KISYS3DMOD}/Diode_SMD.3dshapes/D_1206_3216Metric.wrl
      (at (xyz 0 0 0))
      (scale (xyz 1 1 1))
      (rotate (xyz 0 0 0))
    )
  )

  (module "qconnectors:NT35510-3.97inch-FH26W-45S-0.3SHW(60)" (layer B.Cu) (tedit 5DDA1DBC) (tstamp 5DDAC0BD)
    (at 147.2 51.2 90)
    (path /5DD97745)
    (attr smd)
    (fp_text reference J1 (at -9.33 2.76) (layer B.SilkS)
      (effects (font (size 1 1) (thickness 0.15)) (justify mirror))
    )
    (fp_text value "NT35510-3.97inch-FH26W-45S-0.3SHW(60)" (at 0.12 -3.65 90) (layer B.Fab)
      (effects (font (size 1 1) (thickness 0.15)) (justify mirror))
    )
    (fp_line (start -6.76 1.7) (end -7.53 1.7) (layer B.SilkS) (width 0.12))
    (fp_line (start -7.53 1.7) (end -7.63 1.7) (layer B.SilkS) (width 0.12))
    (fp_line (start -7.63 1.7) (end -7.66 1.7) (layer B.SilkS) (width 0.12))
    (fp_line (start -7.66 1.7) (end -7.66 1.32) (layer B.SilkS) (width 0.12))
    (fp_line (start -7.66 1.32) (end -7.66 0.48) (layer B.SilkS) (width 0.12))
    (fp_line (start -7.66 0.56) (end -7.66 0.32) (layer B.SilkS) (width 0.12))
    (fp_line (start -7.66 0.32) (end -7.66 -0.11) (layer B.SilkS) (width 0.12))
    (fp_line (start -7.66 -0.11) (end -7.66 -1.22) (layer B.SilkS) (width 0.12))
    (fp_line (start -7.66 -1.22) (end -7.66 -1.3) (layer B.SilkS) (width 0.12))
    (fp_line (start -7.66 -1.3) (end -7.66 -1.51) (layer B.SilkS) (width 0.12))
    (fp_line (start -7.66 -1.51) (end -6.47 -1.51) (layer B.SilkS) (width 0.12))
    (fp_line (start -6.47 -1.51) (end -6.46 -1.51) (layer B.SilkS) (width 0.12))
    (fp_line (start -6.46 -1.51) (end -6.44 -1.51) (layer B.SilkS) (width 0.12))
    (fp_line (start 8.03 1.68) (end 8.85 1.68) (layer B.SilkS) (width 0.12))
    (fp_line (start 8.85 1.68) (end 8.9 1.68) (layer B.SilkS) (width 0.12))
    (fp_line (start 8.9 1.68) (end 8.9 1.24) (layer B.SilkS) (width 0.12))
    (fp_line (start 8.9 1.24) (end 8.9 -0.97) (layer B.SilkS) (width 0.12))
    (fp_line (start 8.9 -0.97) (end 8.9 -1.5) (layer B.SilkS) (width 0.12))
    (fp_line (start 8.9 -1.5) (end 7.69 -1.5) (layer B.SilkS) (width 0.12))
    (fp_line (start -4.99 1.8) (end -4.99 2.34) (layer B.SilkS) (width 0.12))
    (fp_line (start -1.74 1.77) (end -1.74 2.33) (layer B.SilkS) (width 0.12))
    (fp_line (start 1.5 1.77) (end 1.5 2.35) (layer B.SilkS) (width 0.12))
    (fp_line (start 4.8 1.73) (end 4.8 2.34) (layer B.SilkS) (width 0.12))
    (fp_line (start 4.8 2.34) (end 4.8 2.31) (layer B.SilkS) (width 0.12))
    (fp_line (start 8.03 1.67) (end 8.03 2.33) (layer B.SilkS) (width 0.12))
    (fp_circle (center -6.96 2.09) (end -6.88 2.02) (layer B.SilkS) (width 0.12))
    (fp_line (start -3.35 -1.81) (end -3.35 -2.26) (layer B.SilkS) (width 0.12))
    (fp_line (start -0.1 -1.81) (end -0.1 -2.26) (layer B.SilkS) (width 0.12))
    (fp_line (start 6.4 -1.81) (end 6.4 -2.27) (layer B.SilkS) (width 0.12))
    (fp_line (start 3.15 -1.81) (end 3.15 -2.27) (layer B.SilkS) (width 0.12))
    (pad 1 smd rect (at -6.52 1.385 90) (size 0.33 0.85) (layers B.Cu B.Paste B.Mask)
      (net 40 "Net-(J1-Pad1)") (zone_connect 0))
    (pad 3 smd rect (at -5.87 1.385 90) (size 0.33 0.85) (layers B.Cu B.Paste B.Mask)
      (net 41 "Net-(J1-Pad3)") (zone_connect 0))
    (pad 5 smd rect (at -5.22 1.385 90) (size 0.33 0.85) (layers B.Cu B.Paste B.Mask)
      (net 42 "Net-(J1-Pad5)") (zone_connect 0))
    (pad 7 smd rect (at -4.57 1.385 90) (size 0.33 0.85) (layers B.Cu B.Paste B.Mask)
      (net 23 /LCD_ID) (zone_connect 0))
    (pad 9 smd rect (at -3.92 1.385 90) (size 0.33 0.85) (layers B.Cu B.Paste B.Mask)
      (net 22 /DB0) (zone_connect 0))
    (pad 11 smd rect (at -3.27 1.385 90) (size 0.33 0.85) (layers B.Cu B.Paste B.Mask)
      (net 21 /DB2) (zone_connect 0))
    (pad 13 smd rect (at -2.62 1.385 90) (size 0.33 0.85) (layers B.Cu B.Paste B.Mask)
      (net 20 /DB4) (zone_connect 0))
    (pad 15 smd rect (at -1.97 1.385 90) (size 0.33 0.85) (layers B.Cu B.Paste B.Mask)
      (net 19 /DB6) (zone_connect 0))
    (pad 17 smd rect (at -1.32 1.385 90) (size 0.33 0.85) (layers B.Cu B.Paste B.Mask)
      (net 18 /DB8) (zone_connect 0))
    (pad 19 smd rect (at -0.67 1.385 90) (size 0.33 0.85) (layers B.Cu B.Paste B.Mask)
      (net 17 /DB10) (zone_connect 0))
    (pad 21 smd rect (at -0.02 1.385 90) (size 0.33 0.85) (layers B.Cu B.Paste B.Mask)
      (net 16 /DB12) (zone_connect 0))
    (pad 23 smd rect (at 0.63 1.385 90) (size 0.33 0.85) (layers B.Cu B.Paste B.Mask)
      (net 15 /DB14) (zone_connect 0))
    (pad 25 smd rect (at 1.28 1.385 90) (size 0.33 0.85) (layers B.Cu B.Paste B.Mask)
      (net 14 /DB16) (zone_connect 0))
    (pad 27 smd rect (at 1.93 1.385 90) (size 0.33 0.85) (layers B.Cu B.Paste B.Mask)
      (net 13 /DB18) (zone_connect 0))
    (pad 29 smd rect (at 2.58 1.385 90) (size 0.33 0.85) (layers B.Cu B.Paste B.Mask)
      (net 12 /DB20) (zone_connect 0))
    (pad 31 smd rect (at 3.23 1.385 90) (size 0.33 0.85) (layers B.Cu B.Paste B.Mask)
      (net 11 /DB22) (zone_connect 0))
    (pad 33 smd rect (at 3.88 1.385 90) (size 0.33 0.85) (layers B.Cu B.Paste B.Mask)
      (net 2 GND) (zone_connect 0))
    (pad 35 smd rect (at 4.53 1.385 90) (size 0.33 0.85) (layers B.Cu B.Paste B.Mask)
      (net 10 /~CS~) (zone_connect 0))
    (pad 37 smd rect (at 5.18 1.385 90) (size 0.33 0.85) (layers B.Cu B.Paste B.Mask)
      (net 9 /RS) (zone_connect 0))
    (pad 39 smd rect (at 5.83 1.385 90) (size 0.33 0.85) (layers B.Cu B.Paste B.Mask)
      (net 8 /TE) (zone_connect 0))
    (pad 41 smd rect (at 6.48 1.385 90) (size 0.33 0.85) (layers B.Cu B.Paste B.Mask)
      (net 4 +3V3) (zone_connect 0))
    (pad 43 smd rect (at 7.13 1.385 90) (size 0.33 0.85) (layers B.Cu B.Paste B.Mask)
      (net 2 GND) (zone_connect 0))
    (pad 45 smd rect (at 7.78 1.385 90) (size 0.33 0.85) (layers B.Cu B.Paste B.Mask)
      (net 7 /LEDK) (zone_connect 0))
    (pad 2 smd rect (at -6.195 -1.5 90) (size 0.33 0.7) (layers B.Cu B.Paste B.Mask)
      (net 43 "Net-(J1-Pad2)") (zone_connect 0))
    (pad 4 smd rect (at -5.545 -1.5 90) (size 0.33 0.7) (layers B.Cu B.Paste B.Mask)
      (net 44 "Net-(J1-Pad4)") (zone_connect 0))
    (pad 6 smd rect (at -4.895 -1.5 90) (size 0.33 0.7) (layers B.Cu B.Paste B.Mask)
      (net 45 "Net-(J1-Pad6)") (zone_connect 0))
    (pad 8 smd rect (at -4.245 -1.5 90) (size 0.33 0.7) (layers B.Cu B.Paste B.Mask)
      (net 2 GND) (zone_connect 0))
    (pad 10 smd rect (at -3.595 -1.5 90) (size 0.33 0.7) (layers B.Cu B.Paste B.Mask)
      (net 37 /DB1) (zone_connect 0))
    (pad 12 smd rect (at -2.945 -1.5 90) (size 0.33 0.7) (layers B.Cu B.Paste B.Mask)
      (net 36 /DB3) (zone_connect 0))
    (pad 14 smd rect (at -2.295 -1.5 90) (size 0.33 0.7) (layers B.Cu B.Paste B.Mask)
      (net 35 /DB5) (zone_connect 0))
    (pad 16 smd rect (at -1.645 -1.5 90) (size 0.33 0.7) (layers B.Cu B.Paste B.Mask)
      (net 34 /DB7) (zone_connect 0))
    (pad 18 smd rect (at -0.995 -1.5 90) (size 0.33 0.7) (layers B.Cu B.Paste B.Mask)
      (net 33 /DB9) (zone_connect 0))
    (pad 20 smd rect (at -0.345 -1.5 90) (size 0.33 0.7) (layers B.Cu B.Paste B.Mask)
      (net 32 /DB11) (zone_connect 0))
    (pad 22 smd rect (at 0.305 -1.5 90) (size 0.33 0.7) (layers B.Cu B.Paste B.Mask)
      (net 31 /DB13) (zone_connect 0))
    (pad 24 smd rect (at 0.955 -1.5 90) (size 0.33 0.7) (layers B.Cu B.Paste B.Mask)
      (net 30 /DB15) (zone_connect 0))
    (pad 26 smd rect (at 1.605 -1.5 90) (size 0.33 0.7) (layers B.Cu B.Paste B.Mask)
      (net 29 /DB17) (zone_connect 0))
    (pad 28 smd rect (at 2.255 -1.5 90) (size 0.33 0.7) (layers B.Cu B.Paste B.Mask)
      (net 28 /DB19) (zone_connect 0))
    (pad 30 smd rect (at 2.905 -1.5 90) (size 0.33 0.7) (layers B.Cu B.Paste B.Mask)
      (net 27 /DB21) (zone_connect 0))
    (pad 32 smd rect (at 3.555 -1.5 90) (size 0.33 0.7) (layers B.Cu B.Paste B.Mask)
      (net 26 /DB23) (zone_connect 0))
    (pad 34 smd rect (at 4.205 -1.5 90) (size 0.33 0.7) (layers B.Cu B.Paste B.Mask)
      (net 5 /RST) (zone_connect 0))
    (pad 36 smd rect (at 4.855 -1.5 90) (size 0.33 0.7) (layers B.Cu B.Paste B.Mask)
      (net 25 /WR) (zone_connect 0))
    (pad 38 smd rect (at 5.505 -1.5 90) (size 0.33 0.7) (layers B.Cu B.Paste B.Mask)
      (net 24 /RD) (zone_connect 0))
    (pad 40 smd rect (at 6.155 -1.5 90) (size 0.33 0.7) (layers B.Cu B.Paste B.Mask)
      (net 2 GND) (zone_connect 0))
    (pad 42 smd rect (at 6.805 -1.5 90) (size 0.33 0.7) (layers B.Cu B.Paste B.Mask)
      (net 4 +3V3) (zone_connect 0))
    (pad 44 smd rect (at 7.455 -1.5 90) (size 0.33 0.7) (layers B.Cu B.Paste B.Mask)
      (net 3 /LEDA) (zone_connect 0))
    (pad 0 smd rect (at -7.3 1.05 90) (size 0.55 1) (layers B.Cu B.Paste B.Mask)
      (zone_connect 0))
    (pad 0 smd rect (at 8.56 1.05 90) (size 0.55 1) (layers B.Cu B.Paste B.Mask)
      (zone_connect 0))
  )

  (module Resistor_SMD:R_0603_1608Metric_Pad1.05x0.95mm_HandSolder (layer B.Cu) (tedit 5B301BBD) (tstamp 5DDB57B3)
    (at 108.675 40.4 180)
    (descr "Resistor SMD 0603 (1608 Metric), square (rectangular) end terminal, IPC_7351 nominal with elongated pad for handsoldering. (Body size source: http://www.tortai-tech.com/upload/download/2011102023233369053.pdf), generated with kicad-footprint-generator")
    (tags "resistor handsolder")
    (path /5DE2C91F)
    (attr smd)
    (fp_text reference R1 (at 0 1.43) (layer B.SilkS)
      (effects (font (size 1 1) (thickness 0.15)) (justify mirror))
    )
    (fp_text value 0R (at 0 -1.43) (layer B.Fab)
      (effects (font (size 1 1) (thickness 0.15)) (justify mirror))
    )
    (fp_line (start -0.8 -0.4) (end -0.8 0.4) (layer B.Fab) (width 0.1))
    (fp_line (start -0.8 0.4) (end 0.8 0.4) (layer B.Fab) (width 0.1))
    (fp_line (start 0.8 0.4) (end 0.8 -0.4) (layer B.Fab) (width 0.1))
    (fp_line (start 0.8 -0.4) (end -0.8 -0.4) (layer B.Fab) (width 0.1))
    (fp_line (start -0.171267 0.51) (end 0.171267 0.51) (layer B.SilkS) (width 0.12))
    (fp_line (start -0.171267 -0.51) (end 0.171267 -0.51) (layer B.SilkS) (width 0.12))
    (fp_line (start -1.65 -0.73) (end -1.65 0.73) (layer B.CrtYd) (width 0.05))
    (fp_line (start -1.65 0.73) (end 1.65 0.73) (layer B.CrtYd) (width 0.05))
    (fp_line (start 1.65 0.73) (end 1.65 -0.73) (layer B.CrtYd) (width 0.05))
    (fp_line (start 1.65 -0.73) (end -1.65 -0.73) (layer B.CrtYd) (width 0.05))
    (fp_text user %R (at 0 0) (layer B.Fab)
      (effects (font (size 0.4 0.4) (thickness 0.06)) (justify mirror))
    )
    (pad 1 smd roundrect (at -0.875 0 180) (size 1.05 0.95) (layers B.Cu B.Paste B.Mask) (roundrect_rratio 0.25)
      (net 39 "Net-(R1-Pad1)"))
    (pad 2 smd roundrect (at 0.875 0 180) (size 1.05 0.95) (layers B.Cu B.Paste B.Mask) (roundrect_rratio 0.25)
      (net 38 /BL))
    (model ${KISYS3DMOD}/Resistor_SMD.3dshapes/R_0603_1608Metric.wrl
      (at (xyz 0 0 0))
      (scale (xyz 1 1 1))
      (rotate (xyz 0 0 0))
    )
  )

  (module Resistor_SMD:R_0603_1608Metric_Pad1.05x0.95mm_HandSolder (layer B.Cu) (tedit 5B301BBD) (tstamp 5DDAC12E)
    (at 111.8 36.325 90)
    (descr "Resistor SMD 0603 (1608 Metric), square (rectangular) end terminal, IPC_7351 nominal with elongated pad for handsoldering. (Body size source: http://www.tortai-tech.com/upload/download/2011102023233369053.pdf), generated with kicad-footprint-generator")
    (tags "resistor handsolder")
    (path /5DE335DD)
    (attr smd)
    (fp_text reference R2 (at 0.215 1.76) (layer B.SilkS)
      (effects (font (size 1 1) (thickness 0.15)) (justify mirror))
    )
    (fp_text value 10K (at 0 -1.43 90) (layer B.Fab)
      (effects (font (size 1 1) (thickness 0.15)) (justify mirror))
    )
    (fp_text user %R (at 0 0 90) (layer B.Fab)
      (effects (font (size 0.4 0.4) (thickness 0.06)) (justify mirror))
    )
    (fp_line (start 1.65 -0.73) (end -1.65 -0.73) (layer B.CrtYd) (width 0.05))
    (fp_line (start 1.65 0.73) (end 1.65 -0.73) (layer B.CrtYd) (width 0.05))
    (fp_line (start -1.65 0.73) (end 1.65 0.73) (layer B.CrtYd) (width 0.05))
    (fp_line (start -1.65 -0.73) (end -1.65 0.73) (layer B.CrtYd) (width 0.05))
    (fp_line (start -0.171267 -0.51) (end 0.171267 -0.51) (layer B.SilkS) (width 0.12))
    (fp_line (start -0.171267 0.51) (end 0.171267 0.51) (layer B.SilkS) (width 0.12))
    (fp_line (start 0.8 -0.4) (end -0.8 -0.4) (layer B.Fab) (width 0.1))
    (fp_line (start 0.8 0.4) (end 0.8 -0.4) (layer B.Fab) (width 0.1))
    (fp_line (start -0.8 0.4) (end 0.8 0.4) (layer B.Fab) (width 0.1))
    (fp_line (start -0.8 -0.4) (end -0.8 0.4) (layer B.Fab) (width 0.1))
    (pad 2 smd roundrect (at 0.875 0 90) (size 1.05 0.95) (layers B.Cu B.Paste B.Mask) (roundrect_rratio 0.25)
      (net 1 +5V))
    (pad 1 smd roundrect (at -0.875 0 90) (size 1.05 0.95) (layers B.Cu B.Paste B.Mask) (roundrect_rratio 0.25)
      (net 39 "Net-(R1-Pad1)"))
    (model ${KISYS3DMOD}/Resistor_SMD.3dshapes/R_0603_1608Metric.wrl
      (at (xyz 0 0 0))
      (scale (xyz 1 1 1))
      (rotate (xyz 0 0 0))
    )
  )

  (module Resistor_SMD:R_0603_1608Metric_Pad1.05x0.95mm_HandSolder (layer B.Cu) (tedit 5B301BBD) (tstamp 5DDAC13F)
    (at 141.095 43.63 180)
    (descr "Resistor SMD 0603 (1608 Metric), square (rectangular) end terminal, IPC_7351 nominal with elongated pad for handsoldering. (Body size source: http://www.tortai-tech.com/upload/download/2011102023233369053.pdf), generated with kicad-footprint-generator")
    (tags "resistor handsolder")
    (path /5DEEC1A3)
    (attr smd)
    (fp_text reference R3 (at -2.665 -0.12) (layer B.SilkS)
      (effects (font (size 1 1) (thickness 0.15)) (justify mirror))
    )
    (fp_text value 10K (at 0 -1.43) (layer B.Fab)
      (effects (font (size 1 1) (thickness 0.15)) (justify mirror))
    )
    (fp_text user %R (at 0 0) (layer B.Fab)
      (effects (font (size 0.4 0.4) (thickness 0.06)) (justify mirror))
    )
    (fp_line (start 1.65 -0.73) (end -1.65 -0.73) (layer B.CrtYd) (width 0.05))
    (fp_line (start 1.65 0.73) (end 1.65 -0.73) (layer B.CrtYd) (width 0.05))
    (fp_line (start -1.65 0.73) (end 1.65 0.73) (layer B.CrtYd) (width 0.05))
    (fp_line (start -1.65 -0.73) (end -1.65 0.73) (layer B.CrtYd) (width 0.05))
    (fp_line (start -0.171267 -0.51) (end 0.171267 -0.51) (layer B.SilkS) (width 0.12))
    (fp_line (start -0.171267 0.51) (end 0.171267 0.51) (layer B.SilkS) (width 0.12))
    (fp_line (start 0.8 -0.4) (end -0.8 -0.4) (layer B.Fab) (width 0.1))
    (fp_line (start 0.8 0.4) (end 0.8 -0.4) (layer B.Fab) (width 0.1))
    (fp_line (start -0.8 0.4) (end 0.8 0.4) (layer B.Fab) (width 0.1))
    (fp_line (start -0.8 -0.4) (end -0.8 0.4) (layer B.Fab) (width 0.1))
    (pad 2 smd roundrect (at 0.875 0 180) (size 1.05 0.95) (layers B.Cu B.Paste B.Mask) (roundrect_rratio 0.25)
      (net 4 +3V3))
    (pad 1 smd roundrect (at -0.875 0 180) (size 1.05 0.95) (layers B.Cu B.Paste B.Mask) (roundrect_rratio 0.25)
      (net 5 /RST))
    (model ${KISYS3DMOD}/Resistor_SMD.3dshapes/R_0603_1608Metric.wrl
      (at (xyz 0 0 0))
      (scale (xyz 1 1 1))
      (rotate (xyz 0 0 0))
    )
  )

  (module Resistor_SMD:R_0603_1608Metric_Pad1.05x0.95mm_HandSolder (layer B.Cu) (tedit 5B301BBD) (tstamp 5DDAC150)
    (at 146.92 120.605 270)
    (descr "Resistor SMD 0603 (1608 Metric), square (rectangular) end terminal, IPC_7351 nominal with elongated pad for handsoldering. (Body size source: http://www.tortai-tech.com/upload/download/2011102023233369053.pdf), generated with kicad-footprint-generator")
    (tags "resistor handsolder")
    (path /5DF17C22)
    (attr smd)
    (fp_text reference R4 (at -0.805 -1.75 180) (layer B.SilkS)
      (effects (font (size 1 1) (thickness 0.15)) (justify mirror))
    )
    (fp_text value 10K (at 0 -1.43 90) (layer B.Fab)
      (effects (font (size 1 1) (thickness 0.15)) (justify mirror))
    )
    (fp_line (start -0.8 -0.4) (end -0.8 0.4) (layer B.Fab) (width 0.1))
    (fp_line (start -0.8 0.4) (end 0.8 0.4) (layer B.Fab) (width 0.1))
    (fp_line (start 0.8 0.4) (end 0.8 -0.4) (layer B.Fab) (width 0.1))
    (fp_line (start 0.8 -0.4) (end -0.8 -0.4) (layer B.Fab) (width 0.1))
    (fp_line (start -0.171267 0.51) (end 0.171267 0.51) (layer B.SilkS) (width 0.12))
    (fp_line (start -0.171267 -0.51) (end 0.171267 -0.51) (layer B.SilkS) (width 0.12))
    (fp_line (start -1.65 -0.73) (end -1.65 0.73) (layer B.CrtYd) (width 0.05))
    (fp_line (start -1.65 0.73) (end 1.65 0.73) (layer B.CrtYd) (width 0.05))
    (fp_line (start 1.65 0.73) (end 1.65 -0.73) (layer B.CrtYd) (width 0.05))
    (fp_line (start 1.65 -0.73) (end -1.65 -0.73) (layer B.CrtYd) (width 0.05))
    (fp_text user %R (at 0 0 90) (layer B.Fab)
      (effects (font (size 0.4 0.4) (thickness 0.06)) (justify mirror))
    )
    (pad 1 smd roundrect (at -0.875 0 270) (size 1.05 0.95) (layers B.Cu B.Paste B.Mask) (roundrect_rratio 0.25)
      (net 10 /~CS~))
    (pad 2 smd roundrect (at 0.875 0 270) (size 1.05 0.95) (layers B.Cu B.Paste B.Mask) (roundrect_rratio 0.25)
      (net 4 +3V3))
    (model ${KISYS3DMOD}/Resistor_SMD.3dshapes/R_0603_1608Metric.wrl
      (at (xyz 0 0 0))
      (scale (xyz 1 1 1))
      (rotate (xyz 0 0 0))
    )
  )

  (module Resistor_SMD:R_0603_1608Metric_Pad1.05x0.95mm_HandSolder (layer B.Cu) (tedit 5B301BBD) (tstamp 5DDB2BD8)
    (at 109.475 32.2)
    (descr "Resistor SMD 0603 (1608 Metric), square (rectangular) end terminal, IPC_7351 nominal with elongated pad for handsoldering. (Body size source: http://www.tortai-tech.com/upload/download/2011102023233369053.pdf), generated with kicad-footprint-generator")
    (tags "resistor handsolder")
    (path /5DE9F44A)
    (attr smd)
    (fp_text reference R5 (at 2.655 0.13 180) (layer B.SilkS)
      (effects (font (size 1 1) (thickness 0.15)) (justify mirror))
    )
    (fp_text value 5R1 (at 0 -1.43) (layer B.Fab)
      (effects (font (size 1 1) (thickness 0.15)) (justify mirror))
    )
    (fp_line (start -0.8 -0.4) (end -0.8 0.4) (layer B.Fab) (width 0.1))
    (fp_line (start -0.8 0.4) (end 0.8 0.4) (layer B.Fab) (width 0.1))
    (fp_line (start 0.8 0.4) (end 0.8 -0.4) (layer B.Fab) (width 0.1))
    (fp_line (start 0.8 -0.4) (end -0.8 -0.4) (layer B.Fab) (width 0.1))
    (fp_line (start -0.171267 0.51) (end 0.171267 0.51) (layer B.SilkS) (width 0.12))
    (fp_line (start -0.171267 -0.51) (end 0.171267 -0.51) (layer B.SilkS) (width 0.12))
    (fp_line (start -1.65 -0.73) (end -1.65 0.73) (layer B.CrtYd) (width 0.05))
    (fp_line (start -1.65 0.73) (end 1.65 0.73) (layer B.CrtYd) (width 0.05))
    (fp_line (start 1.65 0.73) (end 1.65 -0.73) (layer B.CrtYd) (width 0.05))
    (fp_line (start 1.65 -0.73) (end -1.65 -0.73) (layer B.CrtYd) (width 0.05))
    (fp_text user %R (at 0 0) (layer B.Fab)
      (effects (font (size 0.4 0.4) (thickness 0.06)) (justify mirror))
    )
    (pad 1 smd roundrect (at -0.875 0) (size 1.05 0.95) (layers B.Cu B.Paste B.Mask) (roundrect_rratio 0.25)
      (net 2 GND))
    (pad 2 smd roundrect (at 0.875 0) (size 1.05 0.95) (layers B.Cu B.Paste B.Mask) (roundrect_rratio 0.25)
      (net 7 /LEDK))
    (model ${KISYS3DMOD}/Resistor_SMD.3dshapes/R_0603_1608Metric.wrl
      (at (xyz 0 0 0))
      (scale (xyz 1 1 1))
      (rotate (xyz 0 0 0))
    )
  )

  (module TestPoint:TestPoint_Pad_2.5x2.5mm (layer B.Cu) (tedit 5A0F774F) (tstamp 5DDAC16F)
    (at 157.06 35.41)
    (descr "SMD rectangular pad as test Point, square 2.5mm side length")
    (tags "test point SMD pad rectangle square")
    (path /5DF48FE3)
    (attr virtual)
    (fp_text reference TP1 (at 0 2.148) (layer B.SilkS)
      (effects (font (size 1 1) (thickness 0.15)) (justify mirror))
    )
    (fp_text value TE (at 0 -2.25) (layer B.Fab)
      (effects (font (size 1 1) (thickness 0.15)) (justify mirror))
    )
    (fp_text user %R (at 0 2.15) (layer B.Fab)
      (effects (font (size 1 1) (thickness 0.15)) (justify mirror))
    )
    (fp_line (start -1.45 1.45) (end 1.45 1.45) (layer B.SilkS) (width 0.12))
    (fp_line (start 1.45 1.45) (end 1.45 -1.45) (layer B.SilkS) (width 0.12))
    (fp_line (start 1.45 -1.45) (end -1.45 -1.45) (layer B.SilkS) (width 0.12))
    (fp_line (start -1.45 -1.45) (end -1.45 1.45) (layer B.SilkS) (width 0.12))
    (fp_line (start -1.75 1.75) (end 1.75 1.75) (layer B.CrtYd) (width 0.05))
    (fp_line (start -1.75 1.75) (end -1.75 -1.75) (layer B.CrtYd) (width 0.05))
    (fp_line (start 1.75 -1.75) (end 1.75 1.75) (layer B.CrtYd) (width 0.05))
    (fp_line (start 1.75 -1.75) (end -1.75 -1.75) (layer B.CrtYd) (width 0.05))
    (pad 1 smd rect (at 0 0) (size 2.5 2.5) (layers B.Cu B.Mask)
      (net 8 /TE))
  )

  (module TestPoint:TestPoint_Pad_2.5x2.5mm (layer B.Cu) (tedit 5A0F774F) (tstamp 5DDAC17D)
    (at 150 62.84)
    (descr "SMD rectangular pad as test Point, square 2.5mm side length")
    (tags "test point SMD pad rectangle square")
    (path /5DF56742)
    (attr virtual)
    (fp_text reference TP2 (at 0 2.148) (layer B.SilkS)
      (effects (font (size 1 1) (thickness 0.15)) (justify mirror))
    )
    (fp_text value LCD_ID (at 0 -2.25) (layer B.Fab)
      (effects (font (size 1 1) (thickness 0.15)) (justify mirror))
    )
    (fp_line (start 1.75 -1.75) (end -1.75 -1.75) (layer B.CrtYd) (width 0.05))
    (fp_line (start 1.75 -1.75) (end 1.75 1.75) (layer B.CrtYd) (width 0.05))
    (fp_line (start -1.75 1.75) (end -1.75 -1.75) (layer B.CrtYd) (width 0.05))
    (fp_line (start -1.75 1.75) (end 1.75 1.75) (layer B.CrtYd) (width 0.05))
    (fp_line (start -1.45 -1.45) (end -1.45 1.45) (layer B.SilkS) (width 0.12))
    (fp_line (start 1.45 -1.45) (end -1.45 -1.45) (layer B.SilkS) (width 0.12))
    (fp_line (start 1.45 1.45) (end 1.45 -1.45) (layer B.SilkS) (width 0.12))
    (fp_line (start -1.45 1.45) (end 1.45 1.45) (layer B.SilkS) (width 0.12))
    (fp_text user %R (at 0 2.15) (layer B.Fab)
      (effects (font (size 1 1) (thickness 0.15)) (justify mirror))
    )
    (pad 1 smd rect (at 0 0) (size 2.5 2.5) (layers B.Cu B.Mask)
      (net 23 /LCD_ID))
  )

  (module TestPoint:TestPoint_Pad_2.5x2.5mm (layer B.Cu) (tedit 5A0F774F) (tstamp 5DDAC18B)
    (at 115.99 28.68)
    (descr "SMD rectangular pad as test Point, square 2.5mm side length")
    (tags "test point SMD pad rectangle square")
    (path /5DF5CD7A)
    (attr virtual)
    (fp_text reference TP3 (at 0 2.148) (layer B.SilkS)
      (effects (font (size 1 1) (thickness 0.15)) (justify mirror))
    )
    (fp_text value LEDA (at 0 -2.25) (layer B.Fab)
      (effects (font (size 1 1) (thickness 0.15)) (justify mirror))
    )
    (fp_text user %R (at 0 2.15) (layer B.Fab)
      (effects (font (size 1 1) (thickness 0.15)) (justify mirror))
    )
    (fp_line (start -1.45 1.45) (end 1.45 1.45) (layer B.SilkS) (width 0.12))
    (fp_line (start 1.45 1.45) (end 1.45 -1.45) (layer B.SilkS) (width 0.12))
    (fp_line (start 1.45 -1.45) (end -1.45 -1.45) (layer B.SilkS) (width 0.12))
    (fp_line (start -1.45 -1.45) (end -1.45 1.45) (layer B.SilkS) (width 0.12))
    (fp_line (start -1.75 1.75) (end 1.75 1.75) (layer B.CrtYd) (width 0.05))
    (fp_line (start -1.75 1.75) (end -1.75 -1.75) (layer B.CrtYd) (width 0.05))
    (fp_line (start 1.75 -1.75) (end 1.75 1.75) (layer B.CrtYd) (width 0.05))
    (fp_line (start 1.75 -1.75) (end -1.75 -1.75) (layer B.CrtYd) (width 0.05))
    (pad 1 smd rect (at 0 0) (size 2.5 2.5) (layers B.Cu B.Mask)
      (net 3 /LEDA))
  )

  (module TestPoint:TestPoint_Pad_2.5x2.5mm (layer B.Cu) (tedit 5A0F774F) (tstamp 5DDAC199)
    (at 120.55 28.7)
    (descr "SMD rectangular pad as test Point, square 2.5mm side length")
    (tags "test point SMD pad rectangle square")
    (path /5DF63567)
    (attr virtual)
    (fp_text reference TP4 (at 0 2.148) (layer B.SilkS)
      (effects (font (size 1 1) (thickness 0.15)) (justify mirror))
    )
